270
1
26
1 2 3
0 4 5
0 6 7
0 8 9
1 6 8
1 7 9
2 4 10
2 5 11
3 4 12
3 5 13
6 14 15
7 14 16
8 15 17
9 16 17
10 11 18
10 12 19
11 13 20
12 13 21
14 22 23
15 22 24
16 23 25
17 24 25
18 19 25
18 20 24
19 21 23
20 21 22
2
26
1 2 3
0 4 5
0 6 7
0 8 9
1 6 8
1 7 9
2 4 10
2 5 11
3 4 12
3 5 13
6 14 15
7 14 16
8 15 17
9 16 18
10 11 17
10 12 19
11 13 20
12 14 21
13 22 23
15 22 24
16 23 25
17 24 25
18 19 25
18 20 24
19 21 23
20 21 22
3
26
1 2 3
0 4 5
0 6 7
0 8 9
1 6 8
1 7 9
2 4 10
2 5 11
3 4 12
3 5 13
6 14 15
7 14 16
8 15 17
9 18 19
10 11 17
10 12 18
11 20 21
12 14 22
13 15 23
13 20 24
16 19 25
16 22 24
17 21 25
18 24 25
19 21 23
20 22 23
4
26
1 2 3
0 4 5
0 6 7
0 8 9
1 6 8
1 7 9
2 4 10
2 5 11
3 4 12
3 5 13
6 14 15
7 14 16
8 15 17
9 18 19
10 11 17
10 12 20
11 18 21
12 14 22
13 16 23
13 20 24
15 19 25
16 22 24
17 21 25
18 24 25
19 21 23
20 22 23
5
26
1 2 3
0 4 5
0 6 7
0 8 9
1 6 8
1 7 9
2 4 10
2 5 11
3 4 12
3 5 13
6 14 15
7 14 16
8 15 17
9 18 19
10 11 17
10 12 20
11 18 21
12 14 22
13 16 23
13 21 24
15 22 24
16 19 25
17 20 25
18 24 25
19 20 23
21 22 23
6
26
1 2 3
0 4 5
0 6 7
0 8 9
1 6 8
1 7 9
2 4 10
2 5 11
3 4 12
3 5 13
6 14 15
7 14 16
8 15 17
9 18 19
10 11 17
10 12 20
11 21 22
12 14 21
13 20 23
13 22 24
15 18 24
16 17 25
16 19 23
18 22 25
19 20 25
21 23 24
7
26
1 2 3
0 4 5
0 6 7
0 8 9
1 6 8
1 7 9
2 4 10
2 5 11
3 4 12
3 5 13
6 14 15
7 14 16
8 15 17
9 18 19
10 11 18
10 12 19
11 20 21
12 20 22
13 14 23
13 15 24
16 17 25
16 22 23
17 21 24
18 21 25
19 22 25
20 23 24
8
26
1 2 3
0 4 5
0 6 7
0 8 9
1 6 8
1 7 9
2 4 10
2 5 11
3 4 12
3 5 13
6 14 15
7 14 16
8 17 18
9 17 19
10 11 17
10 16 20
11 15 21
12 13 14
12 22 23
13 22 24
15 24 25
16 23 25
18 19 25
18 21 24
19 20 23
20 21 22
9
26
1 2 3
0 4 5
0 6 7
0 8 9
1 6 8
1 7 9
2 4 10
2 5 11
3 4 12
3 5 13
6 14 15
7 14 16
8 17 18
9 17 19
10 11 17
10 19 20
11 21 22
12 13 14
12 21 23
13 15 24
15 22 25
16 18 25
16 20 23
18 22 24
19 23 25
20 21 24
10
26
1 2 3
0 4 5
0 6 7
0 8 9
1 6 8
1 7 9
2 4 10
2 5 11
3 4 12
3 5 13
6 14 15
7 14 16
8 17 18
9 17 19
10 11 17
10 20 21
11 20 22
12 13 14
12 22 23
13 21 23
15 16 24
15 19 25
16 18 25
18 19 24
20 23 25
21 22 24
11
26
1 2 3
0 4 5
0 6 7
0 8 9
1 6 8
1 7 9
2 4 10
2 5 11
3 4 12
3 5 13
6 14 15
7 14 16
8 17 18
9 17 19
10 11 20
10 16 21
11 15 22
12 13 23
12 19 24
13 18 25
14 21 22
15 20 25
16 20 24
17 24 25
18 22 23
19 21 23
12
26
1 2 3
0 4 5
0 6 7
0 8 9
1 6 8
1 7 9
2 4 10
2 5 11
3 4 12
3 5 13
6 14 15
7 14 16
8 17 18
9 19 20
10 11 17
10 16 21
11 15 22
12 14 22
12 19 23
13 18 24
13 21 23
15 20 24
16 17 25
18 20 25
19 21 25
22 23 24
13
26
1 2 3
0 4 5
0 6 7
0 8 9
1 6 8
1 7 9
2 4 10
2 5 11
3 4 12
3 5 13
6 14 15
7 14 16
8 17 18
9 19 20
10 11 17
10 19 21
11 18 22
12 14 22
12 16 23
13 15 24
13 21 23
15 20 25
16 17 25
18 20 24
19 23 25
21 22 24
14
26
1 2 3
0 4 5
0 6 7
0 8 9
1 6 8
1 7 9
2 4 10
2 5 11
3 4 12
3 5 13
6 14 15
7 16 17
8 16 18
9 19 20
10 19 21
10 20 22
11 12 23
11 18 24
12 17 25
13 14 22
13 15 21
14 20 24
15 19 25
16 24 25
17 21 23
18 22 23
15
26
1 2 3
0 4 5
0 6 7
0 8 9
1 6 8
1 7 9
2 4 10
2 5 11
3 4 12
3 5 13
6 14 15
7 16 17
8 18 19
9 20 21
10 16 20
10 21 22
11 14 18
11 19 23
12 16 23
12 17 24
13 14 22
13 15 24
15 20 25
17 18 25
19 21 25
22 23 24
16
26
1 2 3
0 4 5
0 6 7
0 8 9
1 6 8
1 7 9
2 4 10
2 5 11
3 4 12
3 5 13
6 14 15
7 16 17
8 18 19
9 20 21
10 16 20
10 21 22
11 14 23
11 18 24
12 17 23
12 21 24
13 14 22
13 15 19
15 20 25
16 18 25
17 19 25
22 23 24
17
26
1 2 3
0 4 5
0 6 7
0 8 9
1 6 8
1 7 9
2 4 10
2 5 11
3 4 12
3 5 13
6 14 15
7 16 17
8 18 19
9 20 21
10 20 22
10 21 23
11 18 24
11 19 25
12 16 25
12 17 24
13 14 23
13 15 22
14 21 24
15 20 25
16 19 22
17 18 23
18
26
1 2 3
0 4 5
0 6 7
0 8 9
1 6 8
1 7 10
2 4 9
2 5 11
3 4 12
3 6 13
5 14 15
7 14 16
8 15 17
9 16 17
10 11 18
10 12 19
11 13 20
12 13 21
14 22 23
15 22 24
16 23 25
17 24 25
18 19 25
18 20 24
19 21 23
20 21 22
19
26
1 2 3
0 4 5
0 6 7
0 8 9
1 6 8
1 7 10
2 4 9
2 5 11
3 4 12
3 6 13
5 14 15
7 14 16
8 15 17
9 16 18
10 11 17
10 12 19
11 13 20
12 14 21
13 22 23
15 22 24
16 23 25
17 24 25
18 19 25
18 20 24
19 21 23
20 21 22
20
26
1 2 3
0 4 5
0 6 7
0 8 9
1 6 8
1 7 10
2 4 9
2 5 11
3 4 12
3 6 13
5 14 15
7 14 16
8 15 17
9 17 18
10 11 19
10 12 16
11 15 20
12 13 21
13 22 23
14 22 24
16 24 25
17 23 25
18 19 25
18 21 24
19 20 23
20 21 22
21
26
1 2 3
0 4 5
0 6 7
0 8 9
1 6 8
1 7 10
2 4 9
2 5 11
3 4 12
3 6 13
5 14 15
7 14 16
8 15 17
9 17 18
10 11 19
10 12 18
11 20 21
12 13 22
13 15 23
14 20 24
16 19 25
16 22 24
17 21 25
18 24 25
19 21 23
20 22 23
22
26
1 2 3
0 4 5
0 6 7
0 8 9
1 6 8
1 7 10
2 4 9
2 5 11
3 4 12
3 6 13
5 14 15
7 14 16
8 15 17
9 18 19
10 11 17
10 12 18
11 20 21
12 14 22
13 15 23
13 20 24
16 19 25
16 22 24
17 21 25
18 24 25
19 21 23
20 22 23
23
26
1 2 3
0 4 5
0 6 7
0 8 9
1 6 8
1 7 10
2 4 9
2 5 11
3 4 12
3 6 13
5 14 15
7 14 16
8 15 17
9 18 19
10 11 17
10 12 20
11 18 21
12 14 22
13 16 23
13 21 24
15 22 24
16 19 25
17 20 25
18 24 25
19 20 23
21 22 23
24
26
1 2 3
0 4 5
0 6 7
0 8 9
1 6 8
1 7 10
2 4 9
2 5 11
3 4 12
3 6 13
5 14 15
7 14 16
8 15 17
9 18 19
10 11 17
10 12 20
11 21 22
12 14 21
13 20 23
13 22 24
15 18 24
16 17 25
16 19 23
18 22 25
19 20 25
21 23 24
25
26
1 2 3
0 4 5
0 6 7
0 8 9
1 6 8
1 7 10
2 4 9
2 5 11
3 4 12
3 6 13
5 14 15
7 14 16
8 15 17
9 18 19
10 11 18
10 12 16
11 15 20
12 21 22
13 14 23
13 21 24
16 22 25
17 19 25
17 20 24
18 24 25
19 22 23
20 21 23
26
26
1 2 3
0 4 5
0 6 7
0 8 9
1 6 8
1 7 10
2 4 9
2 5 11
3 4 12
3 6 13
5 14 15
7 14 16
8 15 17
9 18 19
10 11 18
10 12 19
11 20 21
12 20 22
13 14 23
13 15 24
16 17 25
16 22 23
17 21 24
18 21 25
19 22 25
20 23 24
27
26
1 2 3
0 4 5
0 6 7
0 8 9
1 6 8
1 7 10
2 4 9
2 5 11
3 4 12
3 6 13
5 14 15
7 14 16
8 15 17
9 18 19
10 11 20
10 12 16
11 15 21
12 18 22
13 17 23
13 22 24
14 21 24
16 20 25
17 19 25
18 24 25
19 20 23
21 22 23
28
26
1 2 3
0 4 5
0 6 7
0 8 9
1 6 8
1 7 10
2 4 9
2 5 11
3 4 12
3 6 13
5 14 15
7 14 16
8 17 18
9 17 19
10 11 17
10 16 20
11 15 21
12 13 14
12 22 23
13 22 24
15 24 25
16 23 25
18 19 25
18 21 24
19 20 23
20 21 22
29
26
1 2 3
0 4 5
0 6 7
0 8 9
1 6 8
1 7 10
2 4 9
2 5 11
3 4 12
3 6 13
5 14 15
7 14 16
8 17 18
9 17 19
10 11 17
10 19 20
11 21 22
12 13 14
12 21 23
13 15 24
15 22 25
16 18 25
16 20 23
18 22 24
19 23 25
20 21 24
30
26
1 2 3
0 4 5
0 6 7
0 8 9
1 6 8
1 7 10
2 4 9
2 5 11
3 4 12
3 6 13
5 14 15
7 14 16
8 17 18
9 17 19
10 11 17
10 20 21
11 20 22
12 13 14
12 19 23
13 18 24
15 16 25
15 22 24
16 21 23
18 22 25
19 21 25
20 23 24
31
26
1 2 3
0 4 5
0 6 7
0 8 9
1 6 8
1 7 10
2 4 9
2 5 11
3 4 12
3 6 13
5 14 15
7 14 16
8 17 18
9 17 19
10 11 20
10 16 21
11 15 22
12 13 23
12 19 24
13 18 25
14 21 22
15 20 25
16 20 24
17 24 25
18 22 23
19 21 23
32
26
1 2 3
0 4 5
0 6 7
0 8 9
1 6 8
1 7 10
2 4 9
2 5 11
3 4 12
3 6 13
5 14 15
7 14 16
8 17 18
9 19 20
10 11 17
10 16 21
11 15 22
12 14 22
12 19 23
13 18 24
13 21 23
15 20 24
16 17 25
18 20 25
19 21 25
22 23 24
33
26
1 2 3
0 4 5
0 6 7
0 8 9
1 6 8
1 7 10
2 4 9
2 5 11
3 4 12
3 6 13
5 14 15
7 14 16
8 17 18
9 19 20
10 11 17
10 19 21
11 18 22
12 14 22
12 16 23
13 15 24
13 21 23
15 20 25
16 17 25
18 20 24
19 23 25
21 22 24
34
26
1 2 3
0 4 5
0 6 7
0 8 9
1 6 8
1 7 10
2 4 9
2 5 11
3 4 12
3 6 13
5 14 15
7 16 17
8 14 18
9 16 18
10 12 19
10 18 20
11 13 21
11 22 23
12 13 15
14 22 24
15 24 25
16 23 25
17 19 25
17 21 24
19 20 23
20 21 22
35
26
1 2 3
0 4 5
0 6 7
0 8 9
1 6 8
1 7 10
2 4 9
2 5 11
3 4 12
3 6 13
5 14 15
7 16 17
8 14 18
9 16 19
10 12 16
10 19 20
11 13 14
11 21 22
12 21 23
13 15 24
15 23 25
17 18 25
17 23 24
18 20 22
19 22 25
20 21 24
36
26
1 2 3
0 4 5
0 6 7
0 8 9
1 6 8
1 7 10
2 4 9
2 5 11
3 4 12
3 6 13
5 14 15
7 16 17
8 14 18
9 16 19
10 12 20
10 18 21
11 13 22
11 19 23
12 15 24
13 17 25
14 21 24
15 20 25
16 23 25
17 22 24
18 20 23
19 21 22
37
26
1 2 3
0 4 5
0 6 7
0 8 9
1 6 8
1 7 10
2 4 9
2 5 11
3 4 12
3 6 13
5 14 15
7 16 17
8 14 18
9 18 19
10 12 16
10 18 20
11 14 21
11 22 23
12 13 15
13 22 24
15 24 25
16 23 25
17 19 25
17 21 24
19 20 23
20 21 22
38
26
1 2 3
0 4 5
0 6 7
0 8 9
1 6 8
1 7 10
2 4 9
2 5 11
3 4 12
3 6 13
5 14 15
7 16 17
8 14 18
9 18 19
10 12 16
10 20 21
11 14 22
11 18 23
12 13 17
13 20 24
15 19 25
15 22 24
16 21 25
17 24 25
19 21 23
20 22 23
39
26
1 2 3
0 4 5
0 6 7
0 8 9
1 6 8
1 7 10
2 4 9
2 5 11
3 4 12
3 6 13
5 14 15
7 16 17
8 14 18
9 19 20
10 12 16
10 18 21
11 14 22
11 19 23
12 15 22
13 17 24
13 21 23
15 20 24
16 18 25
17 20 25
19 21 25
22 23 24
40
26
1 2 3
0 4 5
0 6 7
0 8 9
1 6 8
1 7 10
2 4 9
2 5 11
3 4 12
3 6 13
5 14 15
7 16 17
8 14 18
9 19 20
10 12 16
10 19 21
11 14 22
11 18 23
12 17 22
13 15 24
13 21 23
15 20 25
16 18 25
17 20 24
19 23 25
21 22 24
41
26
1 2 3
0 4 5
0 6 7
0 8 9
1 6 8
1 7 10
2 4 9
2 5 11
3 4 12
3 6 13
5 14 15
7 16 17
8 14 18
9 19 20
10 12 19
10 18 21
11 20 22
11 23 24
12 15 23
13 14 21
13 16 24
15 19 25
16 23 25
17 18 22
17 20 25
21 22 24
42
26
1 2 3
0 4 5
0 6 7
0 8 9
1 6 8
1 7 10
2 4 9
2 5 11
3 4 12
3 6 13
5 14 15
7 16 17
8 14 18
9 19 20
10 12 19
10 20 21
11 18 22
11 23 24
12 16 23
13 14 21
13 15 24
15 19 25
16 24 25
17 18 25
17 20 22
21 22 23
43
26
1 2 3
0 4 5
0 6 7
0 8 9
1 6 8
1 7 10
2 4 9
2 5 11
3 4 12
3 6 13
5 14 15
7 16 17
8 16 18
9 19 20
10 19 21
10 20 22
11 12 23
11 18 24
12 17 25
13 14 22
13 15 21
14 20 24
15 19 25
16 24 25
17 21 23
18 22 23
44
26
1 2 3
0 4 5
0 6 7
0 8 9
1 6 8
1 7 10
2 4 9
2 5 11
3 4 12
3 6 13
5 14 15
7 16 17
8 18 19
9 18 20
10 16 21
10 18 22
11 14 23
11 21 24
12 13 15
12 20 24
13 19 22
14 17 25
15 20 25
16 24 25
17 19 23
21 22 23
45
26
1 2 3
0 4 5
0 6 7
0 8 9
1 6 8
1 7 10
2 4 9
2 5 11
3 4 12
3 6 13
5 14 15
7 16 17
8 18 19
9 18 20
10 18 21
10 20 22
11 19 23
11 22 24
12 13 14
12 16 24
13 15 21
14 20 25
15 17 23
16 22 25
17 19 25
21 23 24
46
26
1 2 3
0 4 5
0 6 7
0 8 9
1 6 8
1 7 10
2 4 9
2 5 11
3 4 12
3 6 13
5 14 15
7 16 17
8 18 19
9 20 21
10 16 20
10 21 22
11 14 18
11 19 23
12 16 23
12 17 24
13 14 22
13 15 24
15 20 25
17 18 25
19 21 25
22 23 24
47
26
1 2 3
0 4 5
0 6 7
0 8 9
1 6 8
1 7 10
2 4 9
2 5 11
3 4 12
3 6 13
5 14 15
7 16 17
8 18 19
9 20 21
10 16 20
10 21 22
11 14 23
11 18 24
12 17 23
12 21 24
13 14 22
13 15 19
15 20 25
16 18 25
17 19 25
22 23 24
48
26
1 2 3
0 4 5
0 6 7
0 8 9
1 6 8
1 7 10
2 4 9
2 5 11
3 4 12
3 6 13
5 14 15
7 16 17
8 18 19
9 20 21
10 18 20
10 21 22
11 18 23
11 19 24
12 14 16
12 17 23
13 14 22
13 15 24
15 20 25
16 19 25
17 21 25
22 23 24
49
26
1 2 3
0 4 5
0 6 7
0 8 9
1 6 8
1 7 10
2 4 9
2 5 11
3 4 12
3 6 13
5 14 15
7 16 17
8 18 19
9 20 21
10 18 20
10 21 22
11 19 23
11 21 24
12 14 23
12 16 24
13 14 22
13 15 17
15 20 25
16 18 25
17 19 25
22 23 24
50
26
1 2 3
0 4 5
0 6 7
0 8 9
1 6 8
1 7 10
2 4 9
2 5 11
3 4 12
3 6 13
5 14 15
7 16 17
8 18 19
9 20 21
10 20 22
10 21 23
11 18 22
11 19 24
12 16 24
12 17 21
13 14 23
13 15 19
14 16 25
15 20 25
17 18 25
22 23 24
51
26
1 2 3
0 4 5
0 6 7
0 8 9
1 6 8
1 7 10
2 4 9
2 5 11
3 4 12
3 6 13
5 14 15
7 16 17
8 18 19
9 20 21
10 20 22
10 21 23
11 18 24
11 19 25
12 16 25
12 17 24
13 14 23
13 15 22
14 21 24
15 20 25
16 19 22
17 18 23
52
26
1 2 3
0 4 5
0 6 7
0 8 9
1 6 8
1 7 10
2 4 11
2 5 12
3 4 13
3 10 14
5 9 15
6 14 15
7 13 16
8 12 17
9 11 18
10 11 19
12 20 21
13 22 23
14 19 24
15 18 25
16 22 24
16 23 25
17 20 25
17 21 24
18 20 23
19 21 22
53
26
1 2 3
0 4 5
0 6 7
0 8 9
1 6 8
1 7 10
2 4 11
2 5 12
3 4 13
3 10 14
5 9 15
6 14 16
7 13 17
8 12 18
9 11 19
10 16 19
11 15 20
12 21 22
13 23 24
14 15 25
16 21 23
17 20 24
17 23 25
18 20 22
18 21 25
19 22 24
54
26
1 2 3
0 4 5
0 6 7
0 8 9
1 6 8
1 7 10
2 4 11
2 5 12
3 4 13
3 10 14
5 9 15
6 14 16
7 17 18
8 19 20
9 11 21
10 16 21
11 15 22
12 19 23
12 20 24
13 17 24
13 18 23
14 15 25
16 23 25
17 20 22
18 19 25
21 22 24
55
26
1 2 3
0 4 5
0 6 7
0 8 9
1 6 8
1 7 10
2 4 11
2 5 12
3 4 13
3 10 14
5 9 15
6 14 16
7 17 18
8 19 20
9 11 21
10 16 22
11 15 23
12 19 24
12 20 25
13 17 25
13 18 24
14 22 23
15 21 24
16 21 25
17 20 22
18 19 23
56
26
1 2 3
0 4 5
0 6 7
0 8 9
1 6 8
1 7 10
2 4 11
2 5 12
3 4 13
3 10 14
5 9 15
6 14 16
7 17 18
8 19 20
9 11 21
10 21 22
11 22 23
12 19 24
12 20 25
13 17 25
13 18 24
14 15 23
15 16 24
16 21 25
17 20 22
18 19 23
57
26
1 2 3
0 4 5
0 6 7
0 8 9
1 6 8
1 7 10
2 4 11
2 5 12
3 4 13
3 10 14
5 9 15
6 16 17
7 18 19
8 20 21
9 16 22
10 16 23
11 14 15
11 22 23
12 20 24
12 21 25
13 18 25
13 19 24
14 17 24
15 17 25
18 21 22
19 20 23
58
26
1 2 3
0 4 5
0 6 7
0 8 9
1 6 8
1 7 10
2 4 11
2 5 12
3 4 13
3 10 14
5 9 15
6 16 17
7 18 19
8 20 21
9 16 22
10 16 23
11 14 15
11 22 24
12 20 24
12 21 25
13 18 25
13 19 24
14 17 23
15 22 25
17 18 21
19 20 23
59
26
1 2 3
0 4 5
0 6 7
0 8 9
1 6 8
1 7 10
2 4 11
2 5 12
3 4 13
3 10 14
5 9 15
6 16 17
7 18 19
8 20 21
9 16 22
10 17 23
11 14 23
11 15 22
12 20 24
12 21 25
13 18 25
13 19 24
14 17 24
15 16 25
18 21 22
19 20 23
60
26
1 2 3
0 4 5
0 6 7
0 8 9
1 6 8
1 7 10
2 4 11
2 5 12
3 4 13
3 10 14
5 9 15
6 16 17
7 18 19
8 20 21
9 16 22
10 22 23
11 14 23
11 22 24
12 20 24
12 21 25
13 18 25
13 19 24
14 15 17
15 16 25
17 18 21
19 20 23
61
26
1 2 3
0 4 5
0 6 7
0 8 9
1 6 8
1 7 10
2 4 11
2 5 12
3 4 13
3 11 14
5 14 15
6 9 15
7 13 16
8 12 17
9 10 18
10 11 19
12 20 21
13 22 23
14 19 24
15 18 25
16 22 24
16 23 25
17 20 25
17 21 24
18 20 23
19 21 22
62
26
1 2 3
0 4 5
0 6 7
0 8 9
1 6 8
1 7 10
2 4 11
2 5 12
3 4 13
3 11 14
5 14 15
6 9 16
7 13 17
8 12 18
9 10 19
10 16 20
11 15 19
12 21 22
13 23 24
14 16 25
15 21 23
17 20 24
17 23 25
18 20 22
18 21 25
19 22 24
63
26
1 2 3
0 4 5
0 6 7
0 8 9
1 6 8
1 7 10
2 4 11
2 5 12
3 4 13
3 11 14
5 14 15
6 9 16
7 17 18
8 19 20
9 10 21
10 16 22
11 15 21
12 19 23
12 20 24
13 17 24
13 18 23
14 16 25
15 23 25
17 20 22
18 19 25
21 22 24
64
26
1 2 3
0 4 5
0 6 7
0 8 9
1 6 8
1 7 10
2 4 11
2 5 12
3 4 13
3 11 14
5 14 15
6 9 16
7 17 18
8 19 20
9 10 21
10 16 22
11 15 23
12 19 24
12 20 25
13 17 25
13 18 24
14 22 23
15 21 24
16 21 25
17 20 22
18 19 23
65
26
1 2 3
0 4 5
0 6 7
0 8 9
1 6 8
1 7 10
2 4 11
2 5 12
3 4 13
3 11 14
5 14 15
6 9 16
7 17 18
8 19 20
9 10 21
10 22 23
11 21 22
12 19 24
12 20 25
13 17 25
13 18 24
14 16 23
15 16 24
15 21 25
17 20 22
18 19 23
66
26
1 2 3
0 4 5
0 6 7
0 8 9
1 6 8
1 7 10
2 4 11
2 5 12
3 4 13
3 11 14
5 15 16
6 9 15
7 13 17
8 12 18
9 16 19
10 11 19
10 14 20
12 21 22
13 23 24
14 15 25
16 21 23
17 20 24
17 23 25
18 20 22
18 21 25
19 22 24
67
26
1 2 3
0 4 5
0 6 7
0 8 9
1 6 8
1 7 10
2 4 11
2 5 12
3 4 13
3 11 14
5 15 16
6 9 15
7 17 18
8 19 20
9 16 21
10 11 21
10 14 22
12 19 23
12 20 24
13 17 24
13 18 23
14 15 25
16 23 25
17 20 22
18 19 25
21 22 24
68
26
1 2 3
0 4 5
0 6 7
0 8 9
1 6 8
1 7 10
2 4 11
2 5 12
3 4 13
3 11 14
5 15 16
6 9 15
7 17 18
8 19 20
9 16 21
10 11 22
10 14 23
12 19 24
12 20 25
13 17 25
13 18 24
14 22 24
15 21 23
16 22 25
17 20 21
18 19 23
69
26
1 2 3
0 4 5
0 6 7
0 8 9
1 6 8
1 7 10
2 4 11
2 5 12
3 4 13
3 11 14
5 15 16
6 9 15
7 17 18
8 19 20
9 21 22
10 11 21
10 22 23
12 19 24
12 20 25
13 17 25
13 18 24
14 15 23
14 16 24
16 21 25
17 20 22
18 19 23
70
26
1 2 3
0 4 5
0 6 7
0 8 9
1 6 8
1 7 10
2 4 11
2 5 12
3 4 13
3 11 14
5 15 16
6 9 17
7 18 19
8 20 21
9 15 22
10 14 17
10 22 23
11 15 23
12 20 24
12 21 25
13 18 25
13 19 24
14 16 24
16 17 25
18 21 22
19 20 23
71
26
1 2 3
0 4 5
0 6 7
0 8 9
1 6 8
1 7 10
2 4 11
2 5 12
3 4 13
3 11 14
5 15 16
6 9 17
7 18 19
8 20 21
9 15 22
10 14 17
10 22 23
11 15 24
12 20 23
12 21 25
13 18 25
13 19 23
14 16 24
16 18 21
17 22 25
19 20 24
72
26
1 2 3
0 4 5
0 6 7
0 8 9
1 6 8
1 7 10
2 4 11
2 5 12
3 4 13
3 11 14
5 15 16
6 9 17
7 18 19
8 20 21
9 15 22
10 14 17
10 23 24
11 15 23
12 20 24
12 21 25
13 18 25
13 19 24
14 23 25
16 17 22
16 18 21
19 20 22
73
26
1 2 3
0 4 5
0 6 7
0 8 9
1 6 8
1 7 10
2 4 11
2 5 12
3 4 13
3 11 14
5 15 16
6 9 17
7 18 19
8 20 21
9 15 22
10 14 23
10 17 22
11 16 23
12 20 24
12 21 25
13 18 25
13 19 24
14 16 24
15 17 25
18 21 22
19 20 23
74
26
1 2 3
0 4 5
0 6 7
0 8 9
1 6 8
1 7 10
2 4 11
2 5 12
3 4 13
3 11 14
5 15 16
6 9 17
7 18 19
8 20 21
9 15 22
10 14 23
10 22 24
11 22 23
12 20 24
12 21 25
13 18 25
13 19 24
14 16 17
15 17 25
16 18 21
19 20 23
75
26
1 2 3
0 4 5
0 6 7
0 8 9
1 6 8
1 7 10
2 4 11
2 5 12
3 4 13
3 11 14
5 15 16
6 9 17
7 18 19
8 20 21
9 22 23
10 17 22
10 23 24
11 15 23
12 20 24
12 21 25
13 18 25
13 19 24
14 15 25
14 16 17
16 18 21
19 20 22
76
26
1 2 3
0 4 5
0 6 7
0 8 9
1 6 8
1 7 10
2 4 11
2 5 12
3 4 13
3 14 15
5 14 16
6 14 17
7 13 18
8 12 19
9 10 11
9 16 17
10 15 20
11 15 21
12 22 23
13 24 25
16 22 24
17 23 25
18 20 25
18 21 24
19 20 23
19 21 22
77
26
1 2 3
0 4 5
0 6 7
0 8 9
1 6 8
1 7 10
2 4 11
2 5 12
3 4 13
3 14 15
5 14 16
6 14 17
7 13 18
8 12 19
9 10 11
9 17 20
10 17 21
11 15 16
12 22 23
13 24 25
15 22 24
16 23 25
18 20 25
18 21 24
19 20 23
19 21 22
78
26
1 2 3
0 4 5
0 6 7
0 8 9
1 6 8
1 7 10
2 4 11
2 5 12
3 4 13
3 14 15
5 14 16
6 14 17
7 18 19
8 20 21
9 10 11
9 16 17
10 15 22
11 15 23
12 20 24
12 21 25
13 18 25
13 19 24
16 23 24
17 22 25
18 21 22
19 20 23
79
26
1 2 3
0 4 5
0 6 7
0 8 9
1 6 8
1 7 10
2 4 11
2 5 12
3 4 13
3 14 15
5 14 16
6 14 17
7 18 19
8 20 21
9 10 11
9 16 22
10 15 23
11 22 23
12 20 24
12 21 25
13 18 25
13 19 24
15 17 24
16 17 25
18 21 22
19 20 23
80
26
1 2 3
0 4 5
0 6 7
0 8 9
1 6 8
1 7 10
2 4 11
2 5 12
3 4 13
3 14 15
5 14 16
6 14 17
7 18 19
8 20 21
9 10 11
9 17 22
10 17 23
11 15 16
12 20 24
12 21 25
13 18 25
13 19 24
15 23 24
16 22 25
18 21 22
19 20 23
81
26
1 2 3
0 4 5
0 6 7
0 8 9
1 6 8
1 7 10
2 4 11
2 5 12
3 4 13
3 14 15
5 14 16
6 14 17
7 18 19
8 20 21
9 10 11
9 17 22
10 22 23
11 15 23
12 20 24
12 21 25
13 18 25
13 19 24
15 16 24
16 17 25
18 21 22
19 20 23
82
26
1 2 3
0 4 5
0 6 7
0 8 9
1 6 8
1 7 10
2 4 11
2 5 12
3 4 13
3 14 15
5 14 16
6 15 16
7 17 18
8 19 20
9 10 21
9 11 22
10 11 23
12 19 24
12 20 25
13 17 25
13 18 24
14 22 23
15 21 24
16 21 25
17 20 22
18 19 23
83
26
1 2 3
0 4 5
0 6 7
0 8 9
1 6 8
1 7 10
2 4 11
2 5 12
3 4 13
3 14 15
5 14 16
6 15 16
7 17 18
8 19 20
9 10 21
9 11 22
10 11 23
12 19 24
12 20 25
13 17 25
13 18 24
14 22 24
15 21 23
16 22 25
17 20 21
18 19 23
84
26
1 2 3
0 4 5
0 6 7
0 8 9
1 6 8
1 7 10
2 4 11
2 5 12
3 4 13
3 14 15
5 14 16
6 15 17
7 13 18
8 12 19
9 10 17
9 11 16
10 15 20
11 14 21
12 22 23
13 24 25
16 22 24
17 23 25
18 20 25
18 21 24
19 20 23
19 21 22
85
26
1 2 3
0 4 5
0 6 7
0 8 9
1 6 8
1 7 10
2 4 11
2 5 12
3 4 13
3 14 15
5 14 16
6 15 17
7 18 19
8 20 21
9 10 17
9 11 16
10 15 22
11 14 23
12 20 24
12 21 25
13 18 25
13 19 24
16 23 24
17 22 25
18 21 22
19 20 23
86
26
1 2 3
0 4 5
0 6 7
0 8 9
1 6 8
1 7 10
2 4 11
2 5 12
3 4 13
3 14 15
5 14 16
6 15 17
7 18 19
8 20 21
9 10 17
9 11 22
10 22 23
11 14 23
12 20 24
12 21 25
13 18 25
13 19 24
15 16 24
16 17 25
18 21 22
19 20 23
87
26
1 2 3
0 4 5
0 6 7
0 8 9
1 6 8
1 7 10
2 4 11
2 5 12
3 4 13
3 14 15
5 14 16
6 15 17
7 18 19
8 20 21
9 10 17
9 11 22
10 22 23
11 14 24
12 20 23
12 21 25
13 18 25
13 19 23
15 16 24
16 18 21
17 22 25
19 20 24
88
26
1 2 3
0 4 5
0 6 7
0 8 9
1 6 8
1 7 10
2 4 11
2 5 12
3 4 13
3 14 15
5 14 16
6 15 17
7 18 19
8 20 21
9 10 17
9 11 22
10 23 24
11 14 23
12 20 24
12 21 25
13 18 25
13 19 24
15 23 25
16 17 22
16 18 21
19 20 22
89
26
1 2 3
0 4 5
0 6 7
0 8 9
1 6 8
1 7 10
2 4 11
2 5 12
3 4 13
3 14 15
5 14 16
6 15 17
7 18 19
8 20 21
9 10 22
9 11 16
10 15 23
11 22 23
12 20 24
12 21 25
13 18 25
13 19 24
14 17 24
16 17 25
18 21 22
19 20 23
90
26
1 2 3
0 4 5
0 6 7
0 8 9
1 6 8
1 7 10
2 4 11
2 5 12
3 4 13
3 14 15
5 14 16
6 15 17
7 18 19
8 20 21
9 10 22
9 11 16
10 15 23
11 22 24
12 20 24
12 21 25
13 18 25
13 19 24
14 17 23
16 22 25
17 18 21
19 20 23
91
26
1 2 3
0 4 5
0 6 7
0 8 9
1 6 8
1 7 10
2 4 11
2 5 12
3 4 13
3 14 15
5 14 16
6 15 17
7 18 19
8 20 21
9 10 22
9 11 16
10 15 23
11 23 24
12 20 24
12 21 25
13 18 25
13 19 24
14 23 25
16 17 22
17 18 21
19 20 22
92
26
1 2 3
0 4 5
0 6 7
0 8 9
1 6 8
1 7 10
2 4 11
2 5 12
3 4 13
3 14 15
5 14 16
6 15 17
7 18 19
8 20 21
9 10 22
9 11 23
10 17 23
11 16 22
12 20 24
12 21 25
13 18 25
13 19 24
14 17 24
15 16 25
18 21 22
19 20 23
93
26
1 2 3
0 4 5
0 6 7
0 8 9
1 6 8
1 7 10
2 4 11
2 5 12
3 4 13
3 14 15
5 14 16
6 15 17
7 18 19
8 20 21
9 10 22
9 11 23
10 17 23
11 16 24
12 20 24
12 21 25
13 18 25
13 19 24
14 23 25
15 16 22
17 18 21
19 20 22
94
26
1 2 3
0 4 5
0 6 7
0 8 9
1 6 8
1 7 10
2 4 11
2 5 12
3 4 13
3 14 15
5 14 16
6 15 17
7 18 19
8 20 21
9 10 22
9 11 23
10 17 24
11 16 22
12 20 24
12 21 25
13 18 25
13 19 24
14 17 23
15 22 25
16 18 21
19 20 23
95
26
1 2 3
0 4 5
0 6 7
0 8 9
1 6 8
1 7 10
2 4 11
2 5 12
3 4 13
3 14 15
5 14 16
6 15 17
7 18 19
8 20 21
9 10 22
9 11 23
10 23 24
11 22 25
12 20 24
12 21 25
13 18 25
13 19 24
14 17 23
15 16 22
16 18 21
17 19 20
96
26
1 2 3
0 4 5
0 6 7
0 8 9
1 6 8
1 7 10
2 4 11
2 5 12
3 4 13
3 14 15
5 14 16
6 17 18
7 19 20
8 21 22
9 10 17
9 16 18
10 15 23
11 14 23
11 15 24
12 21 24
12 22 25
13 19 25
13 20 24
16 17 25
18 19 22
20 21 23
97
26
1 2 3
0 4 5
0 6 7
0 8 9
1 6 8
1 7 10
2 4 11
2 5 12
3 4 13
3 14 15
5 14 16
6 17 18
7 19 20
8 21 22
9 10 17
9 18 23
10 18 24
11 14 23
11 15 16
12 21 24
12 22 25
13 19 25
13 20 24
15 17 25
16 19 22
20 21 23
98
26
1 2 3
0 4 5
0 6 7
0 8 9
1 6 8
1 7 10
2 4 11
2 5 12
3 4 13
3 14 15
5 14 16
6 17 18
7 19 20
8 21 22
9 10 17
9 18 23
10 23 24
11 14 23
11 15 25
12 21 24
12 22 25
13 19 25
13 20 24
15 16 17
16 19 22
18 20 21
99
26
1 2 3
0 4 5
0 6 7
0 8 9
1 6 8
1 7 10
2 4 11
2 5 12
3 4 13
3 14 15
5 14 16
6 17 18
7 19 20
8 21 22
9 10 23
9 16 17
10 15 18
11 15 23
11 16 24
12 21 24
12 22 25
13 19 25
13 20 24
14 17 25
18 19 22
20 21 23
100
26
1 2 3
0 4 5
0 6 7
0 8 9
1 6 8
1 7 10
2 4 11
2 5 12
3 4 13
3 14 15
5 14 16
6 17 18
7 19 20
8 21 22
9 10 23
9 16 17
10 15 24
11 15 23
11 19 21
12 18 22
12 21 25
13 18 20
13 19 25
14 17 24
16 23 25
20 22 24
101
26
1 2 3
0 4 5
0 6 7
0 8 9
1 6 8
1 7 10
2 4 11
2 5 12
3 4 13
3 14 15
5 16 17
6 14 16
7 13 18
8 12 19
9 11 17
9 16 20
10 11 15
10 14 21
12 22 23
13 24 25
15 22 24
17 23 25
18 20 25
18 21 24
19 20 23
19 21 22
102
26
1 2 3
0 4 5
0 6 7
0 8 9
1 6 8
1 7 10
2 4 11
2 5 12
3 4 13
3 14 15
5 16 17
6 14 16
7 18 19
8 20 21
9 11 17
9 16 22
10 11 15
10 14 23
12 20 24
12 21 25
13 18 25
13 19 24
15 23 24
17 22 25
18 21 22
19 20 23
103
26
1 2 3
0 4 5
0 6 7
0 8 9
1 6 8
1 7 10
2 4 11
2 5 12
3 4 13
3 14 15
5 16 17
6 14 16
7 18 19
8 20 21
9 11 17
9 22 23
10 11 22
10 14 23
12 20 24
12 21 25
13 18 25
13 19 24
15 16 24
15 17 25
18 21 22
19 20 23
104
26
1 2 3
0 4 5
0 6 7
0 8 9
1 6 8
1 7 10
2 4 11
2 5 12
3 4 13
3 14 15
5 16 17
6 14 16
7 18 19
8 20 21
9 11 17
9 22 23
10 11 22
10 14 24
12 20 23
12 21 25
13 18 25
13 19 23
15 16 24
15 18 21
17 22 25
19 20 24
105
26
1 2 3
0 4 5
0 6 7
0 8 9
1 6 8
1 7 10
2 4 11
2 5 12
3 4 13
3 14 15
5 16 17
6 14 16
7 18 19
8 20 21
9 11 17
9 22 23
10 11 24
10 14 22
12 20 23
12 21 25
13 18 25
13 19 23
15 17 24
15 18 21
16 22 25
19 20 24
106
26
1 2 3
0 4 5
0 6 7
0 8 9
1 6 8
1 7 10
2 4 11
2 5 12
3 4 13
3 14 15
5 16 17
6 14 16
7 18 19
8 20 21
9 11 22
9 17 23
10 11 23
10 15 22
12 20 24
12 21 25
13 18 25
13 19 24
14 17 24
15 16 25
18 21 22
19 20 23
107
26
1 2 3
0 4 5
0 6 7
0 8 9
1 6 8
1 7 10
2 4 11
2 5 12
3 4 13
3 14 15
5 16 17
6 14 16
7 18 19
8 20 21
9 11 22
9 17 23
10 11 23
10 15 24
12 20 24
12 21 25
13 18 25
13 19 24
14 23 25
15 16 22
17 18 21
19 20 22
108
26
1 2 3
0 4 5
0 6 7
0 8 9
1 6 8
1 7 10
2 4 11
2 5 12
3 4 13
3 14 15
5 16 17
6 14 16
7 18 19
8 20 21
9 11 22
9 23 24
10 11 23
10 22 25
12 20 24
12 21 25
13 18 25
13 19 24
14 17 23
15 16 22
15 18 21
17 19 20
109
26
1 2 3
0 4 5
0 6 7
0 8 9
1 6 8
1 7 10
2 4 11
2 5 12
3 4 13
3 14 15
5 16 17
6 14 18
7 19 20
8 21 22
9 11 16
9 17 18
10 14 23
10 15 24
11 15 23
12 21 24
12 22 25
13 19 25
13 20 24
16 18 25
17 19 22
20 21 23
110
26
1 2 3
0 4 5
0 6 7
0 8 9
1 6 8
1 7 10
2 4 11
2 5 12
3 4 13
3 14 15
5 16 17
6 14 18
7 19 20
8 21 22
9 11 16
9 17 23
10 14 23
10 15 18
11 17 24
12 21 24
12 22 25
13 19 25
13 20 24
15 16 25
18 19 22
20 21 23
111
26
1 2 3
0 4 5
0 6 7
0 8 9
1 6 8
1 7 10
2 4 11
2 5 12
3 4 13
3 14 15
5 16 17
6 14 18
7 19 20
8 21 22
9 11 16
9 17 23
10 14 23
10 15 24
11 23 25
12 21 24
12 22 25
13 19 25
13 20 24
15 16 18
17 19 22
18 20 21
112
26
1 2 3
0 4 5
0 6 7
0 8 9
1 6 8
1 7 10
2 4 11
2 5 12
3 4 13
3 14 15
5 16 17
6 14 18
7 19 20
8 21 22
9 11 16
9 17 23
10 14 24
10 15 18
11 17 24
12 21 23
12 22 25
13 19 25
13 20 23
15 19 22
16 18 25
20 21 24
113
26
1 2 3
0 4 5
0 6 7
0 8 9
1 6 8
1 7 10
2 4 11
2 5 12
3 4 13
3 14 15
5 16 17
6 14 18
7 19 20
8 21 22
9 11 16
9 18 23
10 14 23
10 18 24
11 15 17
12 21 24
12 22 25
13 19 25
13 20 24
15 16 25
17 19 22
20 21 23
114
26
1 2 3
0 4 5
0 6 7
0 8 9
1 6 8
1 7 10
2 4 11
2 5 12
3 4 13
3 14 15
5 16 17
6 14 18
7 19 20
8 21 22
9 11 16
9 23 24
10 14 23
10 18 25
11 17 23
12 21 24
12 22 25
13 19 25
13 20 24
15 16 18
15 19 22
17 20 21
115
26
1 2 3
0 4 5
0 6 7
0 8 9
1 6 8
1 7 10
2 4 11
2 5 12
3 4 13
3 14 15
5 16 17
6 14 18
7 19 20
8 21 22
9 11 23
9 16 18
10 15 23
10 18 24
11 15 17
12 21 24
12 22 25
13 19 25
13 20 24
14 16 25
17 19 22
20 21 23
116
26
1 2 3
0 4 5
0 6 7
0 8 9
1 6 8
1 7 10
2 4 11
2 5 12
3 4 13
3 14 15
5 16 17
6 14 18
7 19 20
8 21 22
9 11 23
9 16 18
10 15 23
10 19 21
11 15 24
12 17 22
12 21 25
13 17 20
13 19 25
14 16 24
18 23 25
20 22 24
117
26
1 2 3
0 4 5
0 6 7
0 8 9
1 6 8
1 7 10
2 4 11
2 5 12
3 4 13
3 14 15
5 16 17
6 14 18
7 19 20
8 21 22
9 11 23
9 16 18
10 15 24
10 18 23
11 15 17
12 21 24
12 22 25
13 19 25
13 20 24
14 17 25
16 19 22
20 21 23
118
26
1 2 3
0 4 5
0 6 7
0 8 9
1 6 8
1 7 10
2 4 11
2 5 12
3 4 13
3 14 15
5 16 17
6 14 18
7 19 20
8 21 22
9 11 23
9 18 24
10 18 23
10 19 21
11 15 16
12 17 22
12 21 25
13 17 20
13 19 25
14 16 24
15 23 25
20 22 24
119
26
1 2 3
0 4 5
0 6 7
0 8 9
1 6 8
1 7 10
2 4 11
2 5 12
3 4 13
3 14 15
5 16 17
6 18 19
7 14 20
8 15 21
9 12 21
9 13 22
10 20 21
10 23 24
11 22 23
11 24 25
12 16 25
13 14 16
15 18 24
17 18 25
17 19 22
19 20 23
120
26
1 2 3
0 4 5
0 6 7
0 8 9
1 6 8
1 7 10
2 4 11
2 5 12
3 4 13
3 14 15
5 16 17
6 18 19
7 14 20
8 15 21
9 12 21
9 13 22
10 20 23
10 24 25
11 21 22
11 23 24
12 16 24
13 14 18
15 18 25
16 19 25
17 19 20
17 22 23
121
26
1 2 3
0 4 5
0 6 7
0 8 9
1 6 8
1 7 10
2 4 11
2 5 12
3 4 13
3 14 15
5 16 17
6 18 19
7 14 20
8 15 21
9 12 21
9 13 22
10 21 22
10 23 24
11 20 23
11 24 25
12 18 24
13 14 16
15 16 25
17 18 25
17 19 20
19 22 23
122
26
1 2 3
0 4 5
0 6 7
0 8 9
1 6 8
1 7 10
2 4 11
2 5 12
3 4 13
3 14 15
5 16 17
6 18 19
7 14 20
8 15 21
9 12 21
9 13 22
10 22 23
10 24 25
11 20 21
11 23 24
12 18 25
13 14 18
15 16 24
16 19 25
17 19 22
17 20 23
123
26
1 2 3
0 4 5
0 6 7
0 8 9
1 6 8
1 7 10
2 4 11
2 5 12
3 4 13
3 14 15
5 16 17
6 18 19
7 14 20
8 15 21
9 12 22
9 13 20
10 20 21
10 23 24
11 22 23
11 24 25
12 15 16
13 16 25
14 18 24
17 18 25
17 19 22
19 21 23
124
26
1 2 3
0 4 5
0 6 7
0 8 9
1 6 8
1 7 10
2 4 11
2 5 12
3 4 13
3 14 15
5 16 17
6 18 19
7 14 20
8 15 21
9 12 22
9 13 20
10 20 22
10 23 24
11 21 23
11 24 25
12 15 16
13 18 24
14 16 25
17 18 25
17 19 21
19 22 23
125
26
1 2 3
0 4 5
0 6 7
0 8 9
1 6 8
1 7 10
2 4 11
2 5 12
3 4 13
3 14 15
5 16 17
6 18 19
7 14 20
8 15 21
9 12 22
9 13 20
10 21 23
10 24 25
11 20 22
11 23 24
12 15 18
13 16 24
14 18 25
16 19 25
17 19 21
17 22 23
126
26
1 2 3
0 4 5
0 6 7
0 8 9
1 6 8
1 7 10
2 4 11
2 5 12
3 4 13
3 14 15
5 16 17
6 18 19
7 14 20
8 15 21
9 12 22
9 13 20
10 22 23
10 24 25
11 20 21
11 23 24
12 15 18
13 18 25
14 16 24
16 19 25
17 19 22
17 21 23
127
26
1 2 3
0 4 5
0 6 7
0 8 9
1 6 8
1 7 10
2 4 11
2 5 12
3 4 13
3 14 15
5 16 17
6 18 19
7 14 20
8 16 21
9 12 22
9 20 23
10 13 24
10 21 25
11 20 22
11 21 24
12 15 18
13 17 19
14 18 23
15 22 25
16 19 25
17 23 24
128
26
1 2 3
0 4 5
0 6 7
0 8 9
1 6 8
1 7 10
2 4 11
2 5 12
3 4 13
3 14 15
5 16 17
6 18 19
7 14 20
8 18 21
9 12 22
9 20 23
10 20 22
10 21 24
11 13 24
11 21 25
12 15 16
13 17 19
14 16 23
15 22 25
17 18 25
19 23 24
129
26
1 2 3
0 4 5
0 6 7
0 8 9
1 6 8
1 7 10
2 4 11
2 5 12
3 4 13
3 14 15
5 16 17
6 18 19
7 14 20
8 21 22
9 12 21
9 16 23
10 15 24
10 23 25
11 20 21
11 23 24
12 18 22
13 14 18
13 20 25
15 17 19
16 19 25
17 22 24
130
26
1 2 3
0 4 5
0 6 7
0 8 9
1 6 8
1 7 10
2 4 11
2 5 12
3 4 13
3 14 15
5 16 17
6 18 19
7 14 20
8 21 22
9 12 21
9 18 23
10 20 21
10 23 24
11 15 24
11 23 25
12 16 22
13 14 16
13 20 25
15 17 19
17 18 25
19 22 24
131
26
1 2 3
0 4 5
0 6 7
0 8 9
1 6 8
1 7 10
2 4 11
2 5 12
3 4 13
3 14 15
5 16 17
6 18 19
7 14 20
8 21 22
9 12 21
9 20 23
10 20 21
10 24 25
11 22 24
11 23 25
12 15 16
13 14 16
13 18 25
15 19 24
17 18 23
17 19 22
132
26
1 2 3
0 4 5
0 6 7
0 8 9
1 6 8
1 7 10
2 4 11
2 5 12
3 4 13
3 14 15
5 16 17
6 18 19
7 14 20
8 21 22
9 12 21
9 20 23
10 22 24
10 23 25
11 20 21
11 24 25
12 15 18
13 14 18
13 16 25
15 17 24
16 19 23
17 19 22
133
26
1 2 3
0 4 5
0 6 7
0 8 9
1 6 8
1 7 10
2 4 11
2 5 12
3 4 13
3 14 15
5 16 17
6 18 19
7 16 20
8 21 22
9 17 23
9 24 25
10 12 21
10 14 24
11 20 21
11 23 24
12 18 22
13 16 18
13 20 25
14 19 25
15 17 19
15 22 23
134
26
1 2 3
0 4 5
0 6 7
0 8 9
1 6 8
1 7 10
2 4 11
2 5 12
3 4 13
3 14 15
5 16 17
6 18 19
7 16 20
8 21 22
9 20 21
9 23 24
10 12 21
10 18 23
11 17 24
11 23 25
12 14 22
13 14 16
13 20 25
15 17 19
15 18 25
19 22 24
135
26
1 2 3
0 4 5
0 6 7
0 8 9
1 6 8
1 7 10
2 4 11
2 5 12
3 4 13
3 14 15
5 16 17
6 18 19
7 16 20
8 21 22
9 20 21
9 23 24
10 12 21
10 20 25
11 22 23
11 24 25
12 14 17
13 14 16
13 18 24
15 18 25
15 19 22
17 19 23
136
26
1 2 3
0 4 5
0 6 7
0 8 9
1 6 8
1 7 10
2 4 11
2 5 12
3 4 13
3 14 15
5 16 17
6 18 19
7 18 20
8 19 21
9 20 21
9 22 23
10 22 24
10 23 25
11 12 21
11 13 24
12 14 25
13 14 18
15 16 25
15 17 24
16 19 23
17 20 22
137
26
1 2 3
0 4 5
0 6 7
0 8 9
1 6 8
1 7 10
2 4 11
2 5 12
3 4 13
3 14 15
5 16 17
6 18 19
7 18 20
8 19 21
9 20 21
9 22 23
10 22 24
10 23 25
11 12 24
11 13 20
12 14 19
13 14 25
15 16 25
15 17 24
16 18 23
17 21 22
138
26
1 2 3
0 4 5
0 6 7
0 8 9
1 6 8
1 7 10
2 4 11
2 5 12
3 4 13
3 14 15
5 16 17
6 18 19
7 18 20
8 19 21
9 20 22
9 23 24
10 21 23
10 24 25
11 12 22
11 13 20
12 14 19
13 16 24
14 18 25
15 16 25
15 17 21
17 22 23
139
26
1 2 3
0 4 5
0 6 7
0 8 9
1 6 8
1 7 10
2 4 11
2 5 12
3 4 13
3 14 15
5 16 17
6 18 19
7 18 20
8 19 21
9 21 22
9 23 24
10 20 23
10 24 25
11 12 21
11 13 22
12 16 24
13 14 18
14 19 25
15 16 25
15 17 20
17 22 23
140
26
1 2 3
0 4 5
0 6 7
0 8 9
1 6 8
1 7 10
2 4 11
2 5 12
3 4 13
3 14 15
5 16 17
6 18 19
7 18 20
8 21 22
9 19 23
9 24 25
10 20 21
10 23 24
11 12 21
11 14 24
12 16 22
13 16 18
13 20 25
14 17 25
15 17 19
15 22 23
141
26
1 2 3
0 4 5
0 6 7
0 8 9
1 6 8
1 7 10
2 4 11
2 5 12
3 4 13
3 14 15
5 16 17
6 18 19
7 18 20
8 21 22
9 20 21
9 23 24
10 19 23
10 24 25
11 12 21
11 16 24
12 14 22
13 14 18
13 20 25
15 16 25
15 17 19
17 22 23
142
26
1 2 3
0 4 5
0 6 7
0 8 9
1 6 8
1 7 10
2 4 11
2 5 12
3 4 13
3 14 15
5 16 17
6 18 19
7 18 20
8 21 22
9 20 21
9 23 24
10 22 23
10 24 25
11 12 21
11 20 25
12 14 19
13 14 18
13 16 24
15 16 25
15 17 22
17 19 23
143
26
1 2 3
0 4 5
0 6 7
0 8 9
1 6 8
1 7 10
2 4 11
2 5 12
3 4 13
3 14 15
5 16 17
6 18 19
7 18 20
8 21 22
9 21 23
9 24 25
10 20 22
10 23 24
11 12 22
11 20 25
12 16 19
13 14 24
13 16 18
14 17 25
15 17 21
15 19 23
144
26
1 2 3
0 4 5
0 6 7
0 8 9
1 6 8
1 7 10
2 4 11
2 5 12
3 4 13
3 14 15
5 16 17
6 18 19
7 20 21
8 22 23
9 16 18
9 17 19
10 14 19
10 15 24
11 14 25
11 15 16
12 22 24
12 23 25
13 20 25
13 21 24
17 20 23
18 21 22
145
26
1 2 3
0 4 5
0 6 7
0 8 9
1 6 8
1 7 10
2 4 11
2 5 12
3 4 13
3 14 15
5 16 17
6 18 19
7 20 21
8 22 23
9 16 18
9 17 24
10 14 24
10 15 18
11 14 17
11 20 22
12 19 23
12 22 25
13 19 21
13 20 25
15 16 25
21 23 24
146
26
1 2 3
0 4 5
0 6 7
0 8 9
1 6 8
1 7 10
2 4 11
2 5 12
3 4 13
3 14 15
5 16 17
6 18 19
7 20 21
8 22 23
9 16 18
9 19 24
10 14 19
10 18 25
11 14 17
11 15 16
12 22 24
12 23 25
13 20 25
13 21 24
15 20 23
17 21 22
147
26
1 2 3
0 4 5
0 6 7
0 8 9
1 6 8
1 7 10
2 4 11
2 5 12
3 4 13
3 14 15
5 16 17
6 18 19
7 20 21
8 22 23
9 16 18
9 19 24
10 14 19
10 20 22
11 14 24
11 15 16
12 17 23
12 22 25
13 17 21
13 20 25
15 18 25
21 23 24
148
26
1 2 3
0 4 5
0 6 7
0 8 9
1 6 8
1 7 10
2 4 11
2 5 12
3 4 13
3 14 15
5 16 17
6 18 19
7 20 21
8 22 23
9 16 20
9 17 24
10 14 24
10 15 20
11 21 22
11 23 25
12 14 17
12 18 23
13 18 25
13 19 21
15 16 25
19 22 24
149
26
1 2 3
0 4 5
0 6 7
0 8 9
1 6 8
1 7 10
2 4 11
2 5 12
3 4 13
3 14 15
5 16 17
6 18 19
7 20 21
8 22 23
9 16 20
9 18 22
10 14 21
10 20 24
11 15 23
11 22 25
12 14 17
12 16 24
13 15 19
13 18 25
17 21 25
19 23 24
150
26
1 2 3
0 4 5
0 6 7
0 8 9
1 6 8
1 7 10
2 4 11
2 5 12
3 4 13
3 14 15
5 16 17
6 18 19
7 20 21
8 22 23
9 16 20
9 21 24
10 14 21
10 18 22
11 17 23
11 22 25
12 14 24
12 15 16
13 17 19
13 18 25
15 20 25
19 23 24
151
26
1 2 3
0 4 5
0 6 7
0 8 9
1 6 8
1 7 10
2 4 11
2 5 12
3 4 13
3 14 15
5 16 17
6 18 19
7 20 21
8 22 23
9 18 20
9 19 24
10 21 22
10 23 25
11 14 24
11 15 20
12 14 19
12 16 23
13 16 25
13 17 21
15 18 25
17 22 24
152
26
1 2 3
0 4 5
0 6 7
0 8 9
1 6 8
1 7 10
2 4 11
2 5 12
3 4 13
3 14 15
5 16 17
6 18 19
7 20 21
8 22 23
9 18 20
9 21 24
10 19 22
10 23 25
11 14 21
11 16 23
12 14 24
12 15 18
13 16 25
13 17 19
15 20 25
17 22 24
153
26
1 2 3
0 4 5
0 6 7
0 8 9
1 6 8
1 7 10
2 4 11
2 5 12
3 4 13
3 14 15
5 16 17
6 18 19
7 20 21
8 22 23
9 18 22
9 19 24
10 20 23
10 21 25
11 14 24
11 15 22
12 16 25
12 17 23
13 14 19
13 16 21
15 18 25
17 20 24
154
26
1 2 3
0 4 5
0 6 7
0 8 9
1 6 8
1 7 10
2 4 11
2 5 12
3 4 13
3 14 15
5 16 17
6 18 19
7 20 21
8 22 23
9 18 22
9 23 24
10 19 20
10 21 25
11 14 23
11 16 21
12 16 25
12 17 19
13 14 24
13 15 18
15 22 25
17 20 24
155
26
1 2 3
0 4 5
0 6 7
0 8 9
1 6 8
1 10 11
2 4 9
2 10 12
3 4 13
3 6 14
5 7 15
5 12 16
7 11 17
8 16 18
9 17 19
10 20 21
11 13 22
12 14 22
13 20 23
14 21 24
15 18 24
15 19 23
16 17 25
18 21 25
19 20 25
22 23 24
156
26
1 2 3
0 4 5
0 6 7
0 8 9
1 6 8
1 10 11
2 4 9
2 10 12
3 4 13
3 6 14
5 7 15
5 12 16
7 11 17
8 16 18
9 19 20
10 17 21
11 13 22
12 15 18
13 17 23
14 21 24
14 22 25
15 19 25
16 20 24
18 24 25
19 22 23
20 21 23
157
26
1 2 3
0 4 5
0 6 7
0 8 9
1 6 8
1 10 11
2 4 9
2 10 12
3 4 13
3 6 14
5 7 15
5 12 16
7 11 17
8 16 18
9 19 20
10 19 21
11 13 22
12 18 22
13 17 23
14 15 24
14 21 25
15 20 23
16 17 25
18 21 24
19 23 25
20 22 24
158
26
1 2 3
0 4 5
0 6 7
0 8 9
1 6 8
1 10 11
2 4 9
2 10 12
3 4 13
3 6 14
5 7 15
5 13 16
7 14 17
8 11 18
9 12 19
10 16 19
11 15 20
12 21 22
13 21 23
14 15 24
16 23 25
17 18 25
17 23 24
18 20 22
19 22 25
20 21 24
159
26
1 2 3
0 4 5
0 6 7
0 8 9
1 6 8
1 10 11
2 4 9
2 10 12
3 4 13
3 6 14
5 7 15
5 13 16
7 16 17
8 11 18
9 19 20
10 18 21
11 12 22
12 18 23
13 15 17
14 21 24
14 22 25
15 19 25
16 20 24
17 24 25
19 22 23
20 21 23
160
26
1 2 3
0 4 5
0 6 7
0 8 9
1 6 8
1 10 11
2 4 9
2 10 12
3 4 13
3 6 14
5 7 15
5 14 16
7 13 17
8 12 15
9 11 18
10 13 19
11 20 21
12 19 22
14 23 24
15 17 25
16 22 23
16 24 25
17 20 24
18 20 25
18 21 22
19 21 23
161
26
1 2 3
0 4 5
0 6 7
0 8 9
1 6 8
1 10 11
2 4 9
2 10 12
3 4 13
3 6 14
5 7 15
5 14 16
7 13 17
8 12 18
9 11 19
10 16 19
11 15 20
12 21 22
13 23 24
14 15 25
16 21 23
17 20 24
17 23 25
18 20 22
18 21 25
19 22 24
162
26
1 2 3
0 4 5
0 6 7
0 8 9
1 6 8
1 10 11
2 4 9
2 10 12
3 4 13
3 6 14
5 7 15
5 14 16
7 17 18
8 15 17
9 11 19
10 13 18
11 20 21
12 13 22
12 15 23
14 24 25
16 22 24
16 23 25
17 20 25
18 21 24
19 20 23
19 21 22
163
26
1 2 3
0 4 5
0 6 7
0 8 9
1 6 8
1 10 11
2 4 9
2 10 12
3 4 13
3 6 14
5 7 15
5 14 16
7 17 18
8 19 20
9 11 21
10 16 22
11 15 23
12 19 24
12 20 25
13 17 25
13 18 24
14 22 23
15 21 24
16 21 25
17 20 22
18 19 23
164
26
1 2 3
0 4 5
0 6 7
0 8 9
1 6 8
1 10 11
2 4 9
2 10 12
3 4 13
3 6 14
5 7 15
5 14 16
7 17 18
8 19 20
9 11 21
10 21 22
11 22 23
12 19 24
12 20 25
13 17 25
13 18 24
14 15 23
15 16 24
16 21 25
17 20 22
18 19 23
165
26
1 2 3
0 4 5
0 6 7
0 8 9
1 6 8
1 10 11
2 4 9
2 10 12
3 4 13
3 6 14
5 7 15
5 16 17
7 16 18
8 19 20
9 19 21
10 16 19
11 12 15
11 22 23
12 22 24
13 14 15
13 24 25
14 23 25
17 18 25
17 21 24
18 20 23
20 21 22
166
26
1 2 3
0 4 5
0 6 7
0 8 9
1 6 8
1 10 11
2 4 9
2 10 12
3 4 13
3 6 14
5 7 15
5 16 17
7 16 18
8 19 20
9 21 22
10 19 23
11 12 21
11 22 24
12 19 25
13 15 18
13 23 25
14 16 24
14 17 23
15 20 22
17 21 25
18 20 24
167
26
1 2 3
0 4 5
0 6 7
0 8 9
1 6 8
1 10 11
2 4 9
2 10 12
3 4 13
3 6 14
5 7 15
5 16 17
7 18 19
8 15 18
9 20 21
10 13 22
11 20 23
11 21 24
12 13 25
12 22 23
14 16 24
14 17 23
15 19 25
16 19 21
17 20 25
18 22 24
168
26
1 2 3
0 4 5
0 6 7
0 8 9
1 6 8
1 10 11
2 4 9
2 10 12
3 4 13
3 6 14
5 7 15
5 16 17
7 18 19
8 15 20
9 21 22
10 13 18
11 21 23
11 22 24
12 15 25
12 20 23
13 19 25
14 16 24
14 17 23
16 19 22
17 21 25
18 20 24
169
26
1 2 3
0 4 5
0 6 7
0 8 9
1 6 8
1 10 11
2 4 9
2 10 12
3 4 13
3 6 14
5 7 15
5 16 17
7 18 19
8 16 20
9 18 21
10 16 18
11 13 15
11 22 23
12 14 15
12 24 25
13 22 24
14 23 25
17 20 25
17 21 24
19 20 23
19 21 22
170
26
1 2 3
0 4 5
0 6 7
0 8 9
1 6 8
1 10 11
2 4 9
2 10 12
3 4 13
3 6 14
5 7 15
5 16 17
7 18 19
8 16 20
9 21 22
10 16 18
11 13 15
11 21 23
12 15 20
12 22 24
13 18 25
14 17 24
14 19 23
17 22 25
19 21 25
20 23 24
171
26
1 2 3
0 4 5
0 6 7
0 8 9
1 6 8
1 10 11
2 4 9
2 10 12
3 4 13
3 6 14
5 7 15
5 16 17
7 18 19
8 16 20
9 21 22
10 16 21
11 13 15
11 21 23
12 20 24
12 22 25
13 18 25
14 15 17
14 19 24
17 24 25
18 22 23
19 20 23
172
26
1 2 3
0 4 5
0 6 7
0 8 9
1 6 8
1 10 11
2 4 9
2 10 12
3 4 13
3 6 14
5 7 15
5 16 17
7 18 19
8 16 20
9 21 22
10 21 23
11 13 18
11 21 24
12 16 25
12 20 23
13 19 25
14 15 17
14 23 24
15 19 22
17 22 25
18 20 24
173
26
1 2 3
0 4 5
0 6 7
0 8 9
1 6 8
1 10 11
2 4 9
2 10 12
3 4 13
3 6 14
5 7 15
5 16 17
7 18 19
8 18 20
9 21 22
10 18 23
11 21 24
11 22 25
12 13 15
12 20 24
13 19 23
14 16 25
14 17 24
15 20 25
16 19 22
17 21 23
174
26
1 2 3
0 4 5
0 6 7
0 8 9
1 6 8
1 10 11
2 4 9
2 10 12
3 4 13
3 6 14
5 7 15
5 16 17
7 18 19
8 18 20
9 21 22
10 20 23
11 21 24
11 22 25
12 13 23
12 20 24
13 15 19
14 16 25
14 17 24
15 18 25
16 19 22
17 21 23
175
26
1 2 3
0 4 5
0 6 7
0 8 9
1 6 8
1 10 11
2 4 9
2 10 12
3 4 13
3 6 14
5 7 15
5 16 17
7 18 19
8 20 21
9 22 23
10 16 18
11 15 22
11 23 24
12 15 20
12 21 25
13 18 25
13 19 23
14 16 24
14 17 21
17 22 25
19 20 24
176
26
1 2 3
0 4 5
0 6 7
0 8 9
1 6 8
1 10 11
2 4 9
2 10 12
3 4 13
3 6 14
5 7 15
5 16 17
7 18 19
8 20 21
9 22 23
10 16 20
11 15 22
11 23 24
12 20 25
12 21 23
13 15 18
13 19 25
14 16 24
14 17 19
17 22 25
18 21 24
177
26
1 2 3
0 4 5
0 6 7
0 8 9
1 6 8
1 10 11
2 4 9
2 10 12
3 4 13
3 6 14
5 7 15
5 16 17
7 18 19
8 20 21
9 22 23
10 20 22
11 18 23
11 22 24
12 16 21
12 20 25
13 15 19
13 18 25
14 15 17
14 16 24
17 23 25
19 21 24
178
26
1 2 3
0 4 5
0 6 7
0 8 9
1 6 8
1 10 11
2 4 9
2 12 13
3 4 12
3 6 10
5 9 14
5 13 15
7 8 16
7 11 17
10 15 18
11 14 19
12 17 20
13 16 21
14 22 23
15 24 25
16 22 24
17 23 25
18 20 25
18 21 24
19 20 23
19 21 22
179
26
1 2 3
0 4 5
0 6 7
0 8 9
1 6 8
1 10 11
2 4 9
2 12 13
3 4 12
3 6 10
5 9 14
5 15 16
7 8 17
7 15 18
10 15 19
11 13 14
11 19 20
12 21 22
13 23 24
14 16 25
16 21 23
17 20 24
17 23 25
18 20 22
18 21 25
19 22 24
180
26
1 2 3
0 4 5
0 6 7
0 8 9
1 6 8
1 10 11
2 4 9
2 12 13
3 4 12
3 6 10
5 9 14
5 15 16
7 8 17
7 15 18
10 15 19
11 13 14
11 20 21
12 18 22
13 17 23
14 24 25
16 22 24
16 23 25
17 20 25
18 21 24
19 20 23
19 21 22
181
26
1 2 3
0 4 5
0 6 7
0 8 9
1 6 8
1 10 11
2 4 9
2 12 13
3 4 12
3 6 10
5 9 14
5 15 16
7 8 17
7 15 18
10 16 19
11 13 20
11 14 21
12 18 22
13 17 23
14 22 24
15 24 25
16 23 25
17 19 25
18 21 24
19 20 23
20 21 22
182
26
1 2 3
0 4 5
0 6 7
0 8 9
1 6 8
1 10 11
2 4 9
2 12 13
3 4 12
3 6 10
5 9 14
5 15 16
7 8 17
7 15 18
10 16 19
11 13 20
11 14 21
12 18 22
13 17 23
14 23 24
15 24 25
16 22 25
17 21 24
18 19 25
19 20 22
20 21 23
183
26
1 2 3
0 4 5
0 6 7
0 8 9
1 6 8
1 10 11
2 4 9
2 12 13
3 4 12
3 6 10
5 9 14
5 15 16
7 8 17
7 18 19
10 15 20
11 14 18
11 21 22
12 18 23
13 15 17
13 21 24
14 24 25
16 19 25
16 23 24
17 22 25
19 20 22
20 21 23
184
26
1 2 3
0 4 5
0 6 7
0 8 9
1 6 8
1 10 11
2 4 9
2 12 13
3 4 12
3 6 10
5 9 14
5 15 16
7 8 17
7 18 19
10 15 20
11 14 18
11 21 22
12 19 21
13 15 23
13 17 24
14 24 25
16 17 25
16 23 24
18 22 25
19 20 22
20 21 23
185
26
1 2 3
0 4 5
0 6 7
0 8 9
1 6 8
1 10 11
2 4 9
2 12 13
3 4 12
3 6 10
5 9 14
5 15 16
7 8 17
7 18 19
10 15 20
11 14 21
11 18 22
12 19 23
13 16 24
13 17 21
14 23 24
15 19 25
16 23 25
17 20 22
18 20 25
21 22 24
186
26
1 2 3
0 4 5
0 6 7
0 8 9
1 6 8
1 10 11
2 4 9
2 12 13
3 4 12
3 6 14
5 13 15
5 14 16
7 8 17
7 10 18
9 11 15
10 14 19
11 19 20
12 21 22
13 23 24
15 16 25
16 21 23
17 20 24
17 23 25
18 20 22
18 21 25
19 22 24
187
26
1 2 3
0 4 5
0 6 7
0 8 9
1 6 8
1 10 11
2 4 9
2 12 13
3 4 12
3 6 14
5 13 15
5 14 16
7 8 17
7 10 18
9 11 15
10 14 19
11 20 21
12 18 22
13 17 23
15 24 25
16 22 24
16 23 25
17 20 25
18 21 24
19 20 23
19 21 22
188
26
1 2 3
0 4 5
0 6 7
0 8 9
1 6 8
1 10 11
2 4 9
2 12 13
3 4 12
3 6 14
5 13 15
5 14 16
7 8 17
7 10 18
9 11 19
10 16 19
11 15 20
12 21 22
13 23 24
14 15 25
16 21 23
17 20 24
17 23 25
18 20 22
18 21 25
19 22 24
189
26
1 2 3
0 4 5
0 6 7
0 8 9
1 6 8
1 10 11
2 4 9
2 12 13
3 4 12
3 6 14
5 13 15
5 16 17
7 8 18
7 10 19
9 15 16
10 14 17
11 14 20
11 15 21
12 22 23
13 24 25
16 22 24
17 23 25
18 20 25
18 21 24
19 20 23
19 21 22
190
26
1 2 3
0 4 5
0 6 7
0 8 9
1 6 8
1 10 11
2 4 9
2 12 13
3 4 12
3 6 14
5 13 15
5 16 17
7 8 18
7 10 19
9 20 21
10 18 22
11 20 23
11 21 24
12 15 25
13 22 25
14 16 24
14 17 23
15 19 23
16 21 22
17 20 25
18 19 24
191
26
1 2 3
0 4 5
0 6 7
0 8 9
1 6 8
1 10 11
2 4 9
2 12 13
3 4 12
3 6 14
5 13 15
5 16 17
7 8 18
7 10 19
9 20 21
10 22 23
11 20 24
11 21 25
12 19 22
13 18 23
14 16 25
14 17 24
15 18 24
15 19 25
16 21 22
17 20 23
192
26
1 2 3
0 4 5
0 6 7
0 8 9
1 6 8
1 10 11
2 4 9
2 12 13
3 4 12
3 6 14
5 14 15
5 16 17
7 8 18
7 15 19
9 10 16
10 13 18
11 14 20
11 21 22
12 15 23
13 21 24
16 24 25
17 19 25
17 23 24
18 22 25
19 20 22
20 21 23
193
26
1 2 3
0 4 5
0 6 7
0 8 9
1 6 8
1 10 11
2 4 9
2 12 13
3 4 12
3 6 14
5 14 15
5 16 17
7 8 18
7 15 19
9 10 16
10 13 20
11 14 21
11 22 23
12 19 22
13 18 24
15 23 25
16 24 25
17 18 25
17 20 24
19 21 23
20 21 22
194
26
1 2 3
0 4 5
0 6 7
0 8 9
1 6 8
1 10 11
2 4 9
2 12 13
3 4 12
3 6 14
5 14 15
5 16 17
7 8 18
7 15 19
9 10 20
10 13 16
11 15 20
11 21 22
12 21 23
13 22 24
14 16 25
17 18 24
17 19 23
18 22 25
19 21 25
20 23 24
195
26
1 2 3
0 4 5
0 6 7
0 8 9
1 6 8
1 10 11
2 4 9
2 12 13
3 4 12
3 6 14
5 14 15
5 16 17
7 8 18
7 15 19
9 10 20
10 13 18
11 21 22
11 23 24
12 15 25
13 21 25
14 22 23
16 19 23
16 20 24
17 20 21
17 22 25
18 19 24
196
26
1 2 3
0 4 5
0 6 7
0 8 9
1 6 8
1 10 11
2 4 9
2 12 13
3 4 12
3 6 14
5 14 15
5 16 17
7 8 18
7 15 19
9 10 20
10 13 21
11 22 23
11 24 25
12 19 21
13 18 22
14 23 24
15 18 25
16 19 24
16 20 25
17 20 22
17 21 23
197
26
1 2 3
0 4 5
0 6 7
0 8 9
1 6 8
1 10 11
2 4 9
2 12 13
3 4 12
3 6 14
5 14 15
5 16 17
7 8 18
7 16 19
9 10 17
10 20 21
11 13 18
11 14 22
12 16 23
13 20 24
15 19 25
15 23 24
17 24 25
18 21 25
19 21 22
20 22 23
198
26
1 2 3
0 4 5
0 6 7
0 8 9
1 6 8
1 10 11
2 4 9
2 12 13
3 4 12
3 6 14
5 14 15
5 16 17
7 8 18
7 16 19
9 10 17
10 20 21
11 13 22
11 14 23
12 19 20
13 18 24
15 18 25
15 22 24
16 21 25
17 24 25
19 21 23
20 22 23
199
26
1 2 3
0 4 5
0 6 7
0 8 9
1 6 8
1 10 11
2 4 9
2 12 13
3 4 12
3 6 14
5 14 15
5 16 17
7 8 18
7 16 19
9 10 17
10 20 21
11 13 22
11 14 23
12 19 24
13 18 20
15 19 25
15 22 24
16 21 25
17 24 25
18 21 23
20 22 23
200
26
1 2 3
0 4 5
0 6 7
0 8 9
1 6 8
1 10 11
2 4 9
2 12 13
3 4 12
3 6 14
5 14 15
5 16 17
7 8 18
7 16 19
9 10 20
10 21 22
11 13 18
11 21 23
12 16 24
13 22 24
14 23 25
15 17 25
15 19 23
17 20 22
18 19 25
20 21 24
201
26
1 2 3
0 4 5
0 6 7
0 8 9
1 6 8
1 10 11
2 4 9
2 12 13
3 4 12
3 6 14
5 14 15
5 16 17
7 8 18
7 16 19
9 10 20
10 21 22
11 13 23
11 21 24
12 19 23
13 18 22
14 24 25
15 17 25
15 19 24
16 18 25
17 20 22
20 21 23
202
26
1 2 3
0 4 5
0 6 7
0 8 9
1 6 8
1 10 11
2 4 9
2 12 13
3 4 12
3 6 14
5 14 15
5 16 17
7 8 18
7 16 19
9 10 20
10 21 22
11 13 23
11 21 24
12 19 23
13 18 25
14 24 25
15 17 25
15 23 24
16 18 22
17 20 22
19 20 21
203
26
1 2 3
0 4 5
0 6 7
0 8 9
1 6 8
1 10 11
2 4 9
2 12 13
3 4 12
3 6 14
5 14 15
5 16 17
7 8 18
7 19 20
9 10 16
10 19 21
11 14 22
11 20 23
12 19 24
13 15 18
13 17 25
15 23 25
16 24 25
17 21 24
18 22 23
20 21 22
204
26
1 2 3
0 4 5
0 6 7
0 8 9
1 6 8
1 10 11
2 4 9
2 12 13
3 4 12
3 6 14
5 14 15
5 16 17
7 8 18
7 19 20
9 10 16
10 19 21
11 14 22
11 20 23
12 20 24
13 15 25
13 17 18
15 23 24
16 24 25
17 21 25
18 21 22
19 22 23
205
26
1 2 3
0 4 5
0 6 7
0 8 9
1 6 8
1 10 11
2 4 9
2 12 13
3 4 12
3 6 14
5 14 15
5 16 17
7 8 18
7 19 20
9 10 21
10 19 22
11 20 23
11 22 24
12 19 25
13 15 18
13 16 25
14 23 24
15 17 23
16 21 22
17 21 25
18 20 24
206
26
1 2 3
0 4 5
0 6 7
0 8 9
1 6 8
1 10 11
2 4 9
2 12 13
3 4 12
3 6 14
5 14 15
5 16 17
7 8 18
7 19 20
9 10 21
10 19 22
11 20 23
11 22 24
12 20 25
13 15 25
13 16 18
14 23 24
15 17 23
16 21 22
17 21 25
18 19 24
207
26
1 2 3
0 4 5
0 6 7
0 8 9
1 6 8
1 10 11
2 4 9
2 12 13
3 4 12
3 6 14
5 15 16
5 17 18
7 8 19
7 15 20
9 16 17
10 13 17
10 14 21
11 14 15
11 22 23
12 22 24
13 23 25
16 24 25
18 19 25
18 20 24
19 21 23
20 21 22
208
26
1 2 3
0 4 5
0 6 7
0 8 9
1 6 8
1 10 11
2 4 9
2 12 13
3 4 12
3 6 14
5 15 16
5 17 18
7 8 19
7 15 20
9 21 22
10 13 19
10 20 23
11 21 24
11 22 25
12 15 23
13 16 24
14 17 25
14 18 24
16 19 25
17 20 22
18 21 23
209
26
1 2 3
0 4 5
0 6 7
0 8 9
1 6 8
1 10 11
2 4 9
2 12 13
3 4 12
3 6 14
5 15 16
5 17 18
7 8 19
7 15 20
9 21 22
10 13 23
10 19 20
11 21 24
11 22 25
12 16 23
13 16 24
14 17 25
14 18 24
15 19 25
17 20 22
18 21 23
210
26
1 2 3
0 4 5
0 6 7
0 8 9
1 6 8
1 10 11
2 4 9
2 12 13
3 4 14
3 6 15
5 12 15
5 16 17
7 10 16
7 18 19
8 20 21
9 10 22
11 12 23
11 22 24
13 20 24
13 21 25
14 18 25
14 19 24
15 17 23
16 22 25
17 18 21
19 20 23
211
26
1 2 3
0 4 5
0 6 7
0 8 9
1 6 8
1 10 11
2 4 9
2 12 13
3 4 14
3 6 15
5 12 15
5 16 17
7 10 18
7 14 19
8 13 20
9 10 21
11 22 23
11 24 25
12 19 20
13 18 22
14 18 24
15 23 25
16 19 25
16 21 24
17 20 23
17 21 22
212
26
1 2 3
0 4 5
0 6 7
0 8 9
1 6 8
1 10 11
2 4 9
2 12 13
3 4 14
3 6 15
5 12 15
5 16 17
7 10 18
7 19 20
8 18 19
9 10 21
11 22 23
11 24 25
12 14 20
13 14 22
13 18 24
15 23 25
16 19 25
16 21 24
17 20 23
17 21 22
213
26
1 2 3
0 4 5
0 6 7
0 8 9
1 6 8
1 10 11
2 4 9
2 12 13
3 4 14
3 6 15
5 12 15
5 16 17
7 10 18
7 19 20
8 21 22
9 10 16
11 15 23
11 18 24
12 17 23
13 21 24
13 22 25
14 19 25
14 20 24
16 18 25
17 19 22
20 21 23
214
26
1 2 3
0 4 5
0 6 7
0 8 9
1 6 8
1 10 11
2 4 9
2 12 13
3 4 14
3 6 15
5 12 16
5 13 17
7 10 18
7 11 19
8 20 21
9 22 23
10 17 22
11 16 23
12 19 20
13 18 21
14 18 24
14 19 25
15 16 24
15 17 25
20 22 25
21 23 24
215
26
1 2 3
0 4 5
0 6 7
0 8 9
1 6 8
1 10 11
2 4 9
2 12 13
3 4 14
3 6 15
5 12 16
5 13 17
7 10 18
7 11 19
8 20 21
9 22 23
10 17 22
11 16 23
12 20 24
13 20 25
14 18 19
14 24 25
15 16 24
15 17 25
18 21 22
19 21 23
216
26
1 2 3
0 4 5
0 6 7
0 8 9
1 6 8
1 10 11
2 4 9
2 12 13
3 4 14
3 6 15
5 12 16
5 15 17
7 10 17
7 18 19
8 20 21
9 11 22
10 22 23
11 12 23
13 20 24
13 21 25
14 18 25
14 19 24
15 16 24
16 17 25
18 21 22
19 20 23
217
26
1 2 3
0 4 5
0 6 7
0 8 9
1 6 8
1 10 11
2 4 9
2 12 13
3 4 14
3 6 15
5 12 16
5 15 17
7 10 17
7 18 19
8 20 21
9 11 22
10 22 23
11 12 24
13 20 23
13 21 25
14 18 25
14 19 23
15 16 24
16 18 21
17 22 25
19 20 24
218
26
1 2 3
0 4 5
0 6 7
0 8 9
1 6 8
1 10 11
2 4 9
2 12 13
3 4 14
3 6 15
5 12 16
5 15 17
7 10 17
7 18 19
8 20 21
9 11 22
10 23 24
11 12 23
13 20 24
13 21 25
14 18 25
14 19 24
15 23 25
16 17 22
16 18 21
19 20 22
219
26
1 2 3
0 4 5
0 6 7
0 8 9
1 6 8
1 10 11
2 4 9
2 12 13
3 4 14
3 6 15
5 12 16
5 15 17
7 10 18
7 14 19
8 13 18
9 11 16
10 15 20
11 21 22
12 14 23
13 21 24
16 24 25
17 19 25
17 23 24
18 22 25
19 20 22
20 21 23
220
26
1 2 3
0 4 5
0 6 7
0 8 9
1 6 8
1 10 11
2 4 9
2 12 13
3 4 14
3 6 15
5 12 16
5 15 17
7 10 18
7 14 19
8 13 18
9 11 20
10 21 22
11 21 23
12 14 24
13 23 24
15 22 25
16 17 25
16 20 23
17 19 22
18 19 25
20 21 24
221
26
1 2 3
0 4 5
0 6 7
0 8 9
1 6 8
1 10 11
2 4 9
2 12 13
3 4 14
3 6 15
5 12 16
5 15 17
7 10 18
7 14 19
8 13 18
9 11 20
10 21 22
11 21 23
12 14 24
13 24 25
15 22 25
16 17 25
16 20 23
17 22 24
18 19 23
19 20 21
222
26
1 2 3
0 4 5
0 6 7
0 8 9
1 6 8
1 10 11
2 4 9
2 12 13
3 4 14
3 6 15
5 12 16
5 15 17
7 10 18
7 14 19
8 13 20
9 11 21
10 17 21
11 16 22
12 23 24
13 22 23
14 24 25
15 16 25
17 19 24
18 19 25
18 20 22
20 21 23
223
26
1 2 3
0 4 5
0 6 7
0 8 9
1 6 8
1 10 11
2 4 9
2 12 13
3 4 14
3 6 15
5 12 16
5 15 17
7 10 18
7 14 19
8 13 20
9 11 21
10 17 21
11 16 22
12 23 24
13 23 25
14 22 24
15 16 25
17 20 23
18 19 22
18 20 25
19 21 24
224
26
1 2 3
0 4 5
0 6 7
0 8 9
1 6 8
1 10 11
2 4 9
2 12 13
3 4 14
3 6 15
5 12 16
5 15 17
7 10 18
7 19 20
8 18 19
9 11 21
10 22 23
11 22 24
12 14 20
13 14 24
13 18 25
15 23 25
16 17 25
16 21 24
17 19 23
20 21 22
225
26
1 2 3
0 4 5
0 6 7
0 8 9
1 6 8
1 10 11
2 4 9
2 12 13
3 4 14
3 6 15
5 12 16
5 15 17
7 10 18
7 19 20
8 18 19
9 11 21
10 22 23
11 22 24
12 14 20
13 14 25
13 18 24
15 23 25
16 17 25
16 21 24
17 20 23
19 21 22
226
26
1 2 3
0 4 5
0 6 7
0 8 9
1 6 8
1 10 11
2 4 9
2 12 13
3 4 14
3 6 15
5 12 16
5 15 17
7 10 18
7 19 20
8 21 22
9 11 18
10 17 23
11 16 24
12 15 24
13 21 23
13 22 25
14 19 25
14 20 23
16 19 22
17 18 25
20 21 24
227
26
1 2 3
0 4 5
0 6 7
0 8 9
1 6 8
1 10 11
2 4 9
2 12 13
3 4 14
3 6 15
5 12 16
5 15 17
7 10 18
7 19 20
8 21 22
9 11 23
10 17 24
11 16 18
12 17 23
13 21 24
13 22 25
14 19 25
14 20 24
15 18 25
16 19 22
20 21 23
228
26
1 2 3
0 4 5
0 6 7
0 8 9
1 6 8
1 10 11
2 4 9
2 12 13
3 4 14
3 6 15
5 12 16
5 15 17
7 10 18
7 19 20
8 21 22
9 11 23
10 23 24
11 18 25
12 17 23
13 21 24
13 22 25
14 19 25
14 20 24
15 16 18
16 19 22
17 20 21
229
26
1 2 3
0 4 5
0 6 7
0 8 9
1 6 8
1 10 11
2 4 9
2 12 13
3 4 14
3 6 15
5 12 16
5 17 18
7 10 17
7 16 19
8 20 21
9 22 23
10 13 20
11 12 22
11 23 24
13 21 25
14 16 25
14 19 24
15 17 24
15 18 25
18 21 22
19 20 23
230
26
1 2 3
0 4 5
0 6 7
0 8 9
1 6 8
1 10 11
2 4 9
2 12 13
3 4 14
3 6 15
5 12 16
5 17 18
7 10 17
7 19 20
8 16 21
9 22 23
10 14 19
11 12 22
11 23 24
13 16 25
13 21 24
14 20 25
15 17 24
15 18 25
18 20 22
19 21 23
231
26
1 2 3
0 4 5
0 6 7
0 8 9
1 6 8
1 10 11
2 4 9
2 12 13
3 4 14
3 6 15
5 12 16
5 17 18
7 10 17
7 19 20
8 16 21
9 22 23
10 14 22
11 12 22
11 19 24
13 18 25
13 21 24
14 20 25
15 16 17
15 24 25
18 20 23
19 21 23
232
26
1 2 3
0 4 5
0 6 7
0 8 9
1 6 8
1 10 11
2 4 9
2 12 13
3 4 14
3 6 15
5 12 16
5 17 18
7 10 17
7 19 20
8 19 21
9 22 23
10 18 22
11 12 22
11 16 24
13 14 25
13 21 23
14 20 24
15 16 17
15 20 25
18 21 25
19 23 24
233
26
1 2 3
0 4 5
0 6 7
0 8 9
1 6 8
1 10 11
2 4 9
2 12 13
3 4 14
3 6 15
5 12 16
5 17 18
7 10 17
7 19 20
8 19 21
9 22 23
10 18 22
11 12 22
11 16 24
13 14 25
13 21 24
14 20 23
15 16 17
15 21 25
18 20 25
19 23 24
234
26
1 2 3
0 4 5
0 6 7
0 8 9
1 6 8
1 10 11
2 4 9
2 12 13
3 4 14
3 6 15
5 12 16
5 17 18
7 10 17
7 19 20
8 21 22
9 16 18
10 15 23
11 12 23
11 15 24
13 21 24
13 22 25
14 19 25
14 20 24
16 17 25
18 19 22
20 21 23
235
26
1 2 3
0 4 5
0 6 7
0 8 9
1 6 8
1 10 11
2 4 9
2 12 13
3 4 14
3 6 15
5 12 16
5 17 18
7 10 17
7 19 20
8 21 22
9 16 23
10 15 18
11 12 23
11 16 24
13 21 24
13 22 25
14 19 25
14 20 24
15 17 25
18 19 22
20 21 23
236
26
1 2 3
0 4 5
0 6 7
0 8 9
1 6 8
1 10 11
2 4 9
2 12 13
3 4 14
3 6 15
5 12 16
5 17 18
7 10 17
7 19 20
8 21 22
9 17 23
10 18 23
11 12 15
11 16 24
13 21 24
13 22 25
14 19 25
14 20 24
15 16 25
18 19 22
20 21 23
237
26
1 2 3
0 4 5
0 6 7
0 8 9
1 6 8
1 10 11
2 4 9
2 12 13
3 4 14
3 6 15
5 12 16
5 17 18
7 10 17
7 19 20
8 21 22
9 18 23
10 18 24
11 12 23
11 15 16
13 21 24
13 22 25
14 19 25
14 20 24
15 17 25
16 19 22
20 21 23
238
26
1 2 3
0 4 5
0 6 7
0 8 9
1 6 8
1 10 11
2 4 9
2 12 13
3 4 14
3 6 15
5 12 16
5 17 18
7 10 17
7 19 20
8 21 22
9 18 23
10 23 24
11 12 23
11 15 25
13 21 24
13 22 25
14 19 25
14 20 24
15 16 17
16 19 22
18 20 21
239
26
1 2 3
0 4 5
0 6 7
0 8 9
1 6 8
1 10 11
2 4 9
2 12 13
3 4 14
3 6 15
5 12 16
5 17 18
7 10 17
7 19 20
8 21 22
9 23 24
10 18 19
11 12 23
11 16 24
13 16 21
13 22 25
14 19 25
14 20 23
15 17 22
15 18 25
20 21 24
240
26
1 2 3
0 4 5
0 6 7
0 8 9
1 6 8
1 10 11
2 4 9
2 12 13
3 4 14
3 6 15
5 12 16
5 17 18
7 10 17
7 19 20
8 21 22
9 23 24
10 18 21
11 12 23
11 16 24
13 21 25
13 22 23
14 16 19
14 20 25
15 17 20
15 18 25
19 22 24
241
26
1 2 3
0 4 5
0 6 7
0 8 9
1 6 8
1 10 11
2 4 9
2 12 13
3 4 14
3 6 15
5 12 16
5 17 18
7 10 17
7 19 20
8 21 22
9 23 24
10 18 23
11 12 19
11 16 24
13 17 21
13 22 25
14 19 25
14 20 23
15 16 22
15 18 25
20 21 24
242
26
1 2 3
0 4 5
0 6 7
0 8 9
1 6 8
1 10 11
2 4 9
2 12 13
3 4 14
3 6 15
5 12 16
5 17 18
7 10 17
7 19 20
8 21 22
9 23 24
10 18 23
11 12 21
11 16 24
13 21 25
13 22 23
14 17 19
14 20 25
15 16 20
15 18 25
19 22 24
243
26
1 2 3
0 4 5
0 6 7
0 8 9
1 6 8
1 10 11
2 4 9
2 12 13
3 4 14
3 6 15
5 12 16
5 17 18
7 10 19
7 17 20
8 21 22
9 23 24
10 18 23
11 13 21
11 16 24
12 22 23
13 22 25
14 17 25
14 19 20
15 16 19
15 18 25
20 21 24
244
26
1 2 3
0 4 5
0 6 7
0 8 9
1 6 8
1 10 11
2 4 9
2 12 13
3 4 14
3 6 15
5 12 16
5 17 18
7 10 19
7 17 20
8 21 22
9 23 24
10 18 23
11 13 25
11 16 24
12 20 21
13 19 22
14 19 23
14 20 25
15 16 21
15 18 25
17 22 24
245
26
1 2 3
0 4 5
0 6 7
0 8 9
1 6 8
1 10 11
2 4 9
2 12 13
3 4 14
3 6 15
5 12 16
5 17 18
7 10 19
7 20 21
8 16 20
9 22 23
10 14 21
11 22 24
11 23 25
12 20 24
13 14 19
13 16 25
15 17 25
15 18 24
17 19 23
18 21 22
246
26
1 2 3
0 4 5
0 6 7
0 8 9
1 6 8
1 10 11
2 4 9
2 12 13
3 4 14
3 6 15
5 12 16
5 17 18
7 10 19
7 20 21
8 16 22
9 19 23
10 14 20
11 19 24
11 23 25
12 15 17
13 16 25
13 22 24
14 21 25
15 18 24
17 21 23
18 20 22
247
26
1 2 3
0 4 5
0 6 7
0 8 9
1 6 8
1 10 11
2 4 9
2 12 13
3 4 14
3 6 15
5 12 16
5 17 18
7 10 19
7 20 21
8 16 22
9 23 24
10 14 20
11 19 23
11 24 25
12 17 22
13 16 24
13 22 25
14 19 21
15 17 25
15 18 20
18 21 23
248
26
1 2 3
0 4 5
0 6 7
0 8 9
1 6 8
1 10 11
2 4 9
2 12 13
3 4 14
3 6 15
5 12 16
5 17 18
7 10 19
7 20 21
8 17 22
9 23 24
10 18 23
11 14 19
11 16 24
12 17 20
13 19 22
13 23 25
14 20 25
15 16 21
15 18 25
21 22 24
249
26
1 2 3
0 4 5
0 6 7
0 8 9
1 6 8
1 10 11
2 4 9
2 12 13
3 4 14
3 6 15
5 12 16
5 17 18
7 10 19
7 20 21
8 17 22
9 23 24
10 18 23
11 14 20
11 16 24
12 21 23
13 17 25
13 19 22
14 21 25
15 16 19
15 18 25
20 22 24
250
26
1 2 3
0 4 5
0 6 7
0 8 9
1 6 8
1 10 11
2 4 9
2 12 13
3 4 14
3 6 15
5 12 16
5 17 18
7 10 19
7 20 21
8 17 22
9 23 24
10 20 23
11 14 19
11 23 25
12 17 21
13 16 24
13 19 22
14 21 25
15 16 18
15 20 25
18 22 24
251
26
1 2 3
0 4 5
0 6 7
0 8 9
1 6 8
1 10 11
2 4 9
2 12 13
3 4 14
3 6 15
5 15 16
5 17 18
7 14 16
7 19 20
8 12 19
9 10 17
10 12 21
11 15 22
11 20 23
13 14 24
13 18 25
16 23 25
17 24 25
18 21 24
19 22 23
20 21 22
252
26
1 2 3
0 4 5
0 6 7
0 8 9
1 6 8
1 10 11
2 4 9
2 12 13
3 4 14
3 6 15
5 15 16
5 17 18
7 14 16
7 19 20
8 12 21
9 10 22
10 12 17
11 16 22
11 19 23
13 18 24
13 23 25
14 23 24
15 17 25
18 20 21
19 21 25
20 22 24
253
26
1 2 3
0 4 5
0 6 7
0 8 9
1 6 8
1 10 11
2 4 9
2 12 13
3 4 14
3 6 15
5 15 16
5 17 18
7 14 17
7 19 20
8 12 19
9 10 18
10 20 21
11 12 22
11 15 23
13 14 24
13 16 25
16 22 24
17 21 25
18 24 25
19 21 23
20 22 23
254
26
1 2 3
0 4 5
0 6 7
0 8 9
1 6 8
1 10 11
2 4 9
2 12 13
3 4 14
3 6 15
5 15 16
5 17 18
7 14 17
7 19 20
8 12 19
9 10 21
10 20 22
11 12 23
11 22 24
13 14 23
13 16 24
15 24 25
16 18 25
17 19 25
18 20 21
21 22 23
255
26
1 2 3
0 4 5
0 6 7
0 8 9
1 6 8
1 10 11
2 4 9
2 12 13
3 4 14
3 6 15
5 15 16
5 17 18
7 14 17
7 19 20
8 12 19
9 10 21
10 22 23
11 12 20
11 22 24
13 14 25
13 17 23
15 24 25
16 18 25
16 20 24
18 21 23
19 21 22
256
26
1 2 3
0 4 5
0 6 7
0 8 9
1 6 8
1 10 11
2 4 9
2 12 13
3 4 14
3 6 15
5 15 16
5 17 18
7 14 17
7 19 20
8 12 21
9 10 18
10 19 22
11 12 23
11 15 22
13 16 24
13 23 25
14 24 25
16 18 25
17 20 24
19 21 23
20 21 22
257
26
1 2 3
0 4 5
0 6 7
0 8 9
1 6 8
1 10 11
2 4 9
2 12 13
3 4 14
3 6 15
5 15 16
5 17 18
7 14 17
7 19 20
8 12 21
9 10 22
10 18 19
11 12 23
11 16 22
13 16 24
13 23 25
14 24 25
15 18 25
17 20 24
19 21 23
20 21 22
258
26
1 2 3
0 4 5
0 6 7
0 8 9
1 6 8
1 10 11
2 4 9
2 12 13
3 4 14
3 6 15
5 15 16
5 17 18
7 14 17
7 19 20
8 12 21
9 10 22
10 19 23
11 12 20
11 23 24
13 16 24
13 17 21
14 20 25
15 24 25
16 18 25
18 19 22
21 22 23
259
26
1 2 3
0 4 5
0 6 7
0 8 9
1 6 8
1 10 11
2 4 9
2 12 13
3 4 14
3 6 15
5 15 16
5 17 18
7 14 19
7 17 20
8 12 20
9 10 18
10 19 21
11 13 22
11 15 23
12 16 24
13 14 25
16 22 25
17 21 24
18 24 25
19 22 23
20 21 23
260
26
1 2 3
0 4 5
0 6 7
0 8 9
1 6 8
1 10 11
2 4 9
2 12 13
3 4 14
3 6 15
5 15 16
5 17 18
7 14 19
7 17 20
8 12 20
9 10 18
10 21 22
11 13 23
11 15 24
12 21 24
13 14 22
16 19 23
16 20 25
17 21 25
18 19 25
22 23 24
261
26
1 2 3
0 4 5
0 6 7
0 8 9
1 6 8
1 10 11
2 4 9
2 12 13
3 4 14
3 6 15
5 15 16
5 17 18
7 14 19
7 17 20
8 12 20
9 10 21
10 19 22
11 13 23
11 22 24
12 16 25
13 14 25
15 23 24
16 18 23
17 21 22
18 21 25
19 20 24
262
26
1 2 3
0 4 5
0 6 7
0 8 9
1 6 8
1 10 11
2 4 9
2 12 13
3 4 14
3 6 15
5 15 16
5 17 18
7 14 19
7 17 20
8 12 20
9 10 21
10 22 23
11 13 19
11 22 24
12 17 23
13 14 25
15 24 25
16 18 25
16 19 24
18 21 23
20 21 22
263
26
1 2 3
0 4 5
0 6 7
0 8 9
1 6 8
1 10 11
2 4 9
2 12 13
3 4 14
3 6 15
5 15 16
5 17 18
7 14 19
7 17 20
8 12 20
9 10 21
10 22 23
11 13 19
11 22 24
12 17 25
13 14 23
15 24 25
16 18 25
16 20 24
18 21 23
19 21 22
264
26
1 2 3
0 4 5
0 6 7
0 8 9
1 6 8
1 10 11
2 4 9
2 12 13
3 4 14
3 6 15
5 15 16
5 17 18
7 14 19
7 17 20
8 12 20
9 10 21
10 22 23
11 13 24
11 22 25
12 23 25
13 14 23
15 24 25
16 18 24
16 19 20
17 21 22
18 19 21
265
26
1 2 3
0 4 5
0 6 7
0 8 9
1 6 8
1 10 11
2 4 9
2 12 13
3 4 14
3 6 15
5 15 16
5 17 18
7 14 19
7 17 20
8 12 21
9 10 22
10 18 19
11 13 23
11 16 22
12 16 24
13 24 25
14 23 25
15 18 25
17 21 24
19 20 23
20 21 22
266
26
1 2 3
0 4 5
0 6 7
0 8 9
1 6 8
1 10 11
2 4 9
2 12 13
3 4 14
3 6 15
5 15 16
5 17 18
7 16 19
7 20 21
8 19 20
9 10 22
10 12 20
11 21 23
11 24 25
12 14 24
13 14 16
13 17 25
15 23 25
17 22 24
18 19 23
18 21 22
267
26
1 2 3
0 4 5
0 6 7
0 8 9
1 6 8
1 10 11
2 4 9
2 12 13
3 4 14
3 6 15
5 15 16
5 17 18
7 16 19
7 20 21
8 19 20
9 10 22
10 12 23
11 20 24
11 23 25
12 14 21
13 14 17
13 19 25
15 24 25
16 18 24
17 22 23
18 21 22
268
26
1 2 3
0 4 5
0 6 7
0 8 9
1 6 8
1 10 11
2 4 9
2 12 13
3 4 14
3 6 15
5 15 16
5 17 18
7 17 19
7 20 21
8 19 20
9 10 22
10 21 23
11 12 20
11 23 24
12 14 25
13 14 17
13 16 24
15 24 25
16 18 25
18 21 22
19 22 23
269
26
1 2 3
0 4 5
0 6 7
0 8 9
1 6 8
1 10 11
2 4 9
2 12 13
3 4 14
3 6 15
5 15 16
5 17 18
7 17 19
7 20 21
8 19 20
9 10 22
10 21 23
11 12 24
11 23 25
12 14 21
13 14 25
13 16 19
15 24 25
16 18 24
17 22 23
18 20 22
270
26
1 2 3
0 4 5
0 6 7
0 8 9
1 6 8
1 10 11
2 4 9
2 12 13
3 4 14
3 6 15
5 16 17
5 18 19
7 16 18
7 20 21
8 22 23
9 24 25
10 12 22
10 19 24
11 12 23
11 17 25
13 22 24
13 23 25
14 16 20
14 18 21
15 17 20
15 19 21
