1
1
62
1 8 56
0 2 5
1 3 7
2 4 55
3 5 8
1 4 6
5 7 57
2 6 13
0 4 9
8 10 15
9 11 14
10 12 58
11 13 15
7 12 14
10 13 22
9 12 16
15 17 24
16 18 21
17 19 23
18 20 24
19 21 22
17 20 59
14 20 23
18 22 57
16 19 60
26 33 60
25 27 30
26 28 32
27 29 59
28 30 33
26 29 31
30 32 58
27 31 38
25 29 34
33 35 40
34 36 39
35 37 52
36 38 40
32 37 39
35 38 47
34 37 41
40 42 49
41 43 46
42 44 48
43 45 49
44 46 47
42 45 54
39 45 48
43 47 57
41 44 50
49 51 56
50 52 55
36 51 53
52 54 56
46 53 55
3 51 54
0 50 53
6 23 48
11 31 61
21 28 61
24 25 61
58 59 60
