1
1
68
1 8 50
0 2 5
1 3 7
2 4 56
3 5 8
1 4 6
5 7 60
2 6 13
0 4 9
8 10 15
9 11 14
10 12 66
11 13 15
7 12 14
10 13 22
9 12 16
15 17 24
16 18 21
17 19 23
18 20 24
19 21 22
17 20 64
14 20 23
18 22 63
16 19 65
26 33 65
25 27 30
26 28 32
27 29 64
28 30 33
26 29 31
30 32 61
27 31 38
25 29 34
33 35 40
34 36 39
35 37 66
36 38 40
32 37 39
35 38 47
34 37 41
40 42 49
41 43 46
42 44 48
43 45 49
44 46 47
42 45 57
39 45 48
43 47 62
41 44 50
0 49 51 
50 52 57
51 53 58
52 54 60
53 55 63
54 56 59
3 55 57
46 51 56
52 59 61
55 58 60
6 53 59
31 58 62
48 61 63
23 54 62
21 28 67
24 25 67
11 36 67
64 65 66
