1
1
62
1 8 50
0 2 5
1 3 7
2 4 51
3 5 8
1 4 6
5 7 58
2 6 13
0 4 9
8 10 15
9 11 14
10 12 56
11 13 15
7 12 14
10 13 22
9 12 16
15 17 24
16 18 21
17 19 23
18 20 24
19 21 22
17 20 52
14 20 23
18 22 58
16 19 53
26 33 53
25 27 30
26 28 32
27 29 52
28 30 33
26 29 31
30 32 60
27 31 38
25 29 34
33 35 40
34 36 39
35 37 57
36 38 40
32 37 39
35 38 47
34 37 41
40 42 49
41 43 46
42 44 48
43 45 49
44 46 47
42 45 51
39 45 48
43 47 60
41 44 50
0 49 54
3 46 54
21 28 55
24 25 55
50 51 56
52 53 57
11 54 59
36 55 61
6 23 59
56 58 61
31 48 61
57 59 60
