1
1
82
1 7 74
0 2 5
1 3 8
2 4 7
3 5 77
1 4 6
5 7 12
0 3 6
2 9 15
8 10 13
9 11 16
10 12 15
6 11 13
9 12 14
13 15 20
8 11 14
10 17 23
16 18 21
17 19 24
18 20 23
14 19 21
17 20 22
21 23 80
16 19 22
18 25 31
24 26 29
25 27 32
26 28 31
27 29 80
25 28 30
29 31 64
24 27 30
26 33 39
32 34 37
33 35 40
34 36 39
35 37 64
33 36 38
37 39 44
32 35 38
34 41 47
40 42 45
41 43 48
42 44 47
38 43 45
41 44 46
45 47 52
40 43 46
42 49 55
48 50 53
49 51 56
50 52 55
46 51 53
49 52 54
53 55 60
48 51 54
50 57 63
56 58 61
57 59 71
58 60 63
54 59 61
57 60 62
61 63 68
56 59 62
30 36 81
66 79 81
65 67 70
66 68 72
62 67 69
68 70 76
66 69 71
58 70 72
67 71 73
72 74 78
0 73 75
74 76 79
69 75 77
4 76 78
73 77 79
65 75 78
22 28 81
64 65 80
