1
1
72
1 2 6
0 3 27
0 5 17
1 4 16
3 5 7
2 4 26
0 8 11
4 10 13
6 9 14
8 10 12
7 9 15
6 12 15
9 11 13
7 12 14
8 13 50
10 11 51
3 18 21
2 20 23
16 19 24
18 20 22
17 19 25
16 22 25
19 21 23
17 22 24
18 23 60
20 21 61
5 28 31
1 30 33
26 29 34
28 30 32
27 29 35
26 32 35
29 31 33
27 32 34
28 33 70
30 31 71
37 38 42
36 39 63 
36 41 53
37 40 52
39 41 43
38 40 62
36 44 47
40 46 49
42 45 50
44 46 48
43 45 51
42 48 51
45 47 49
43 48 50
44 49 14
46 47 15
39 54 57
38 56 59 
52 55 60
54 56 58
53 55 61
52 58 61
55 57 59
53 58 60
24 54 59
25 56 57
41 64 67
37 66 69
62 65 70
64 66 68
63 65 71
62 68 71
65 67 69
63 68 70
34 64 69
35 66 67
