1
1
66
3 4 42
2 4 58
1 3 8
0 2 5
0 1 6
3 6 62
4 5 12
10 11 28
2 9 11
8 10 15
7 9 12
7 8 13
6 10 13
11 12 19
17 18 64
9 16 18
15 17 22
14 16 19
14 15 20
13 17 20
18 19 26
24 25 64
16 23 25
22 24 29
21 23 26
21 22 27
20 24 27
25 26 33
7 31 32
23 30 32
29 31 36
28 30 33
28 29 34
27 31 34
32 33 40
38 39 63
30 37 39
36 38 43
35 37 40
35 36 41
34 38 41
39 40 47
0 45 46
37 44 46
43 45 50
42 44 47
42 43 48
41 45 48
46 47 54
52 53 65
44 51 53
50 52 57
49 51 54
49 50 55
48 52 55
53 54 61
59 60 65
51 58 60
1 57 59
56 58 61
56 57 62
55 59 62
5 60 61
35 64 65
14 21 63
49 56 63
