1
1
68
1 14 38
0 2 5
1 3 7
2 4 66
3 5 11
1 4 6
5 7 63
2 6 8
7 9 13
8 10 19
9 11 14
4 10 12
11 13 22
8 12 14
0 10 13
16 39 61
15 17 20
16 18 22
17 19 29 
9 18 20
16 19 21
20 22 26
12 17 21
24 37 38
23 25 28
24 26 30
21 25 27
26 28 34
24 27 29
18 28 30
25 29 31
30 32 36
31 33 42
32 34 37
27 33 35
34 36 45
31 35 37
23 33 36
0 23 46
15 40 43
39 41 45
40 42 52
32 41 43
39 42 44
43 45 49
35 40 44
38 47 60 
46 48 51
47 49 53
44 48 50
49 51 57
47 50 52
41 51 53
48 52 54
53 55 59
54 56 64
55 57 60
50 56 58
57 59 67
54 58 60
46 56 59
15 62 65
61 63 67
6 62 64
55 63 65
61 64 66
3 65 67
58 62 66
