298
1
38
1 2 3
0 32 37
0 33 36
0 34 35
11 5 6
10 4 7
8 9 4
9 5 14
10 6 15
13 6 7
8 5 13
12 4 20
17 11 21
9 10 17
16 19 7
8 16 18
22 14 15
12 13 22
19 28 15
18 27 14
25 26 11
24 12 23
16 17 36
32 26 21
25 21 33
24 32 20
33 20 23
35 19 31
18 34 30
37 30 31
35 28 29
34 27 29
1 25 23
24 2 26
3 28 31
27 3 30
2 37 22
1 36 29
2
38
1 2 3
0 35 36
0 33 34
0 32 37
16 5 6
4 13 15
12 4 14
18 20 22
19 21 23
10 21 15
9 20 14
17 12 13
11 6 15
11 5 14
10 13 6
9 12 5
17 4 25
16 11 28
27 23 7
8 27 22
24 10 7
8 9 24
26 19 7
8 18 26
35 20 21
16 34 31
37 22 23
18 19 36
17 35 29
33 28 30
32 34 29
32 25 33
3 30 31
2 29 31
25 2 30
24 1 28
1 27 37
26 3 36
3
38
1 2 3
0 32 35
0 33 34
0 36 37
5 6 7
4 13 15
9 4 12
8 11 4
10 12 7
10 11 6
8 9 14
9 20 7
8 17 6
18 5 14
16 10 13
16 19 5
25 14 15
24 12 21
24 19 13
18 26 15
11 21 22
17 20 23
34 20 31
33 21 30
17 18 35
16 29 37
36 19 28
35 28 29
26 27 37
25 27 36
32 34 23
32 33 22
1 30 31
2 31 23
2 30 22
24 1 27
26 3 29
25 3 28
4
38
1 2 3
0 32 37
0 34 36
0 33 35
28 11 12
16 26 28
10 19 29
8 9 19
15 12 7
13 14 7
13 6 15
17 4 14
8 4 13
9 10 12
9 11 15
8 10 14
27 5 30
27 18 11
17 26 30
23 6 7
25 31 23
24 22 31
25 21 29
24 19 20
32 21 23
32 20 22
18 34 5
16 17 34
33 4 5
33 22 6
16 18 36
35 20 21
24 1 25
3 28 29
2 27 26
3 37 31
2 37 30
1 35 36
5
38
1 2 3
0 32 37
0 34 36
0 33 35
13 5 7
16 11 4
16 26 27
12 19 4
9 10 19
8 18 30
8 17 31
12 5 15
11 14 7
4 14 15
12 13 23
11 13 22
5 6 23
10 21 30
9 21 31
8 22 7
24 28 29
17 18 25
25 19 15
16 24 14
32 20 23
32 21 22
34 29 6
33 28 6
34 27 20
33 26 20
9 35 17
10 36 18
24 1 25
27 3 29
2 28 26
3 37 30
2 37 31
1 35 36
6
38
1 2 3
0 35 37
0 34 36
0 32 33
24 30 22
21 30 23
9 18 29
17 13 15
16 17 14
11 13 6
19 12 15
9 14 15
10 13 14
9 12 7
8 11 12
10 11 7
8 27 29
8 26 7
24 19 6
10 18 23
28 21 22
24 20 5
20 4 23
19 5 22
18 4 21
32 28 31
17 27 37
16 26 36
25 20 33
16 33 6
32 4 5
25 34 35
25 3 30
3 28 29
2 37 31
1 36 31
35 2 27
1 26 34
7
38
1 2 3
0 35 37
0 34 36
0 32 33
8 25 7
24 29 30
28 30 23
19 4 22
20 4 21
16 10 11
9 12 15
9 13 14
17 10 14
18 11 15
11 12 22
10 13 22
9 19 23
18 12 21
17 20 13
16 24 7
8 18 27
8 17 26
15 14 7
16 29 6
19 28 5
32 4 31
27 21 37
36 26 20
24 33 6
33 5 23
32 5 6
25 34 35
25 3 30
3 28 29
2 37 31
1 36 31
35 2 27
1 26 34
8
38
1 2 3
0 35 37
0 34 36
0 32 33
26 27 23
24 25 27
8 29 7
9 6 31
11 28 6
10 28 7
9 13 29
8 12 22
11 13 15
10 12 14
18 19 13
16 17 12
19 21 15
18 20 15
17 21 14
16 20 14
24 17 19
16 18 23
24 26 11
4 21 30
20 5 22
26 5 30
25 4 22
36 4 5
8 9 32
32 10 6
25 33 23
34 35 7
3 28 29
3 37 30
2 37 31
1 36 31
35 2 27
1 34 33
9
38
1 2 3
0 34 35
0 32 37
0 33 36
8 24 7
16 19 14
19 13 15
16 12 4
4 14 15
10 12 22
9 21 23
13 22 21
9 14 7
11 6 23
8 12 5
8 16 6
15 5 7
25 20 28
24 27 20
26 5 6
17 18 31
10 11 30
9 11 29
10 13 29
28 18 4
17 26 27
32 25 19
25 18 34
24 17 33
32 22 23
35 21 31
33 20 30
2 26 29
3 28 31
1 27 37
1 36 30
35 3 37
2 36 34
10
38
1 2 3
0 33 36
0 34 35
0 32 37
9 13 6
10 11 7
12 11 4
12 5 13
16 9 14
8 18 4
17 5 15
20 5 6
18 6 7
4 21 7
8 17 19
16 10 19
8 26 15
10 26 14
9 12 31
30 14 15
11 29 23
24 27 13
24 25 29
25 20 28
28 21 22
27 22 23
16 17 32
25 21 33
24 33 23
34 20 22
35 19 31
32 18 30
26 3 31
1 27 28
2 29 37
2 36 30
1 35 37
34 3 36
11
38
1 2 3
0 33 37
0 34 35
0 32 36
11 5 15
4 6 7
10 5 13
9 5 14
9 10 12
8 13 7
8 14 6
12 18 4
8 19 11
9 20 6
16 10 7
16 17 4
29 14 15
26 22 15
27 11 23
24 28 12
26 13 21
20 22 31
17 21 29
25 18 28
27 25 19
24 30 23
32 17 20
24 33 18
33 19 23
16 32 22
25 35 31
34 21 30
26 3 29
1 27 28
2 37 31
2 36 30
35 3 37
1 34 36
12
38
1 2 3
0 32 37
0 34 36
0 33 35
30 22 23
24 21 30
16 9 27
27 28 13
31 13 15
17 12 6
16 11 12
17 10 25
9 10 18
8 29 7
25 29 15
8 28 14
10 22 6
9 11 22
19 12 21
24 18 26
26 21 23
18 20 5
16 17 4
24 20 4
19 5 23
32 11 14
34 19 20
34 6 7
33 15 7
33 13 14
35 4 5
8 32 36
1 31 25
3 28 29
2 27 26
3 37 30
2 37 31
1 35 36
13
38
1 2 3
0 34 35
0 33 37
0 32 36
16 10 12
9 17 15
9 11 13
8 17 14
16 15 7
14 5 6
18 4 13
18 12 6
19 11 4
10 19 6
9 21 7
8 5 22
8 20 4
20 5 7
10 11 30
28 12 13
16 17 29
25 27 14
26 23 15
24 27 22
25 31 23
24 26 21
32 25 22
34 21 23
35 19 30
33 20 31
33 18 28
24 32 29
26 3 31
2 29 30
1 27 37
1 28 36
35 3 37
2 36 34
14
38
1 2 3
0 32 33
0 36 37
0 34 35
10 18 6
19 11 7
4 13 15
12 5 14
17 26 15
16 25 14
20 11 4
10 5 21
23 13 7
24 12 6
24 9 7
8 6 23
9 26 22
8 25 22
28 4 21
27 20 5
10 19 36
18 11 36
16 17 32
12 37 15
13 14 37
9 33 17
8 16 33
35 19 31
18 34 30
32 30 31
35 28 29
34 27 29
1 29 22
1 26 25
3 28 31
27 3 30
2 20 21
24 2 23
15
38
1 2 3
0 32 37
0 33 36
0 34 35
5 6 13
12 4 7
8 18 4
9 19 5
11 14 6
10 15 7
9 11 17
8 16 10
17 5 15
16 4 14
8 13 21
9 12 20
24 11 13
25 10 12
21 6 23
20 22 7
19 37 15
18 37 14
19 36 31
18 35 30
16 34 29
17 28 33
32 29 30
32 28 31
25 27 36
24 26 35
26 34 23
33 27 22
1 26 27
25 2 31
24 3 30
3 29 23
2 28 22
1 20 21
16
38
1 2 3
0 32 37
0 33 34
0 35 36
8 12 5
10 4 14
15 11 7
9 13 6
9 4 17
8 16 7
18 11 5
10 19 6
16 4 22
17 23 7
25 19 5
24 18 6
9 12 20
8 20 13
10 21 15
11 21 14
16 17 37
18 19 37
28 12 33
34 13 29
31 36 15
35 30 14
32 28 29
32 30 31
26 34 22
33 26 23
25 27 36
24 35 27
1 26 27
2 29 22
2 28 23
25 3 31
24 3 30
1 20 21
17
38
1 2 3
0 33 36
0 34 35
0 32 37
5 6 31
26 4 30
25 4 29
10 28 13
28 12 15
27 12 14
16 19 7
27 20 15
8 9 20
17 14 7
9 19 13
8 18 11
17 10 18
16 13 22
16 21 15
10 22 14
11 12 21
24 18 20
17 19 23
24 26 22
25 21 23
24 30 6
29 5 23
9 11 33
8 34 7
26 35 6
32 25 5
32 33 4
3 30 31
1 27 31
2 28 37
2 36 29
1 35 37
34 3 36
18
38
1 2 3
0 35 37
0 33 34
0 32 36
8 12 13
12 14 7
8 11 7
5 6 13
4 14 6
16 10 21
9 20 15
17 19 6
18 4 5
15 4 7
8 16 5
25 10 13
9 14 25
24 18 11
17 12 23
11 22 23
10 27 29
9 26 28
34 19 31
35 18 19
17 30 33
16 35 15
37 21 29
28 20 37
27 36 21
36 26 20
24 32 34
32 33 22
3 30 31
24 2 31
2 30 22
1 25 23
3 28 29
1 26 27
19
38
1 2 3
0 34 35
0 33 37
0 32 36
5 6 31
24 26 4
25 4 23
27 11 30
9 10 30
8 17 19
8 16 18
28 12 7
11 20 13
19 12 21
18 20 21
16 17 29
10 19 15
9 18 15
17 10 14
16 9 13
26 12 14
25 13 14
24 28 23
26 22 6
25 5 22
24 21 6
20 5 23
35 29 7
32 11 22
33 27 15
8 33 7
32 34 4
3 28 31
2 29 30
1 37 31
1 27 36
35 3 37
2 36 34
20
38
1 2 3
0 34 35
0 33 37
0 32 36
5 6 31
24 4 30
25 26 4
8 9 30
26 23 7
25 22 7
24 27 28
12 13 29
16 17 11
18 11 15
16 28 15
17 13 14
18 12 14
20 12 15
16 13 21
24 20 21
17 19 23
18 19 22
9 26 21
8 25 20
10 19 5
9 6 23
8 22 6
10 35 29
33 10 14
27 33 11
32 5 7
32 34 4
3 30 31
2 28 29
1 37 31
1 27 36
35 3 37
2 36 34
21
38
1 2 3
0 32 33
0 36 37
0 34 35
16 9 7
9 6 17
8 16 5
8 17 4
15 6 7
4 5 14
20 18 12
19 13 21
24 10 15
11 14 23
24 9 13
8 12 23
25 4 6
26 5 7
10 21 22
11 20 22
33 10 19
33 18 11
32 18 19
37 13 15
12 37 14
16 36 31
17 36 30
32 28 29
35 27 31
34 27 30
26 35 29
25 34 28
1 27 22
1 20 21
3 29 31
3 28 30
25 2 26
24 2 23
22
38
1 2 3
0 34 35
0 33 37
0 32 36
25 19 20
24 6 23
8 5 22
13 22 23
16 9 6
8 10 14
9 21 15
12 21 14
16 11 15
24 17 7
9 18 11
10 12 18
8 17 12
16 20 13
19 14 15
18 4 29
17 4 31
10 11 26
27 6 7
5 30 7
27 5 13
28 26 4
32 25 21
24 33 22
25 34 29
32 19 28
35 31 23
33 20 30
26 3 29
2 27 31
1 28 37
1 36 30
35 3 37
2 36 34
23
38
1 2 3
0 32 33
0 34 36
0 35 37
8 11 7
9 11 6
8 10 5
9 10 4
12 4 6
13 5 7
17 6 7
18 4 5
8 16 15
16 9 14
20 13 22
19 12 21
24 12 13
10 28 23
24 11 23
26 22 15
26 21 14
25 20 15
25 19 14
17 18 27
16 18 34
35 21 22
36 19 20
33 31 23
32 17 29
33 28 30
37 29 31
32 27 30
1 28 31
1 27 29
24 2 35
25 34 3
2 26 37
3 36 30
24
38
1 2 3
0 35 37
0 34 36
0 32 33
24 30 22
21 30 23
8 17 7
11 14 6
12 13 6
16 13 14
18 19 29
18 13 7
8 19 14
8 9 11
9 12 7
16 27 29
9 26 15
26 27 6
24 10 11
10 12 23
28 21 22
24 20 5
20 4 23
19 5 22
18 4 21
32 28 31
16 17 37
17 36 15
25 20 33
33 10 15
32 4 5
25 34 35
25 3 30
3 28 29
2 37 31
1 36 31
35 2 27
1 26 34
25
38
1 2 3
0 34 35
0 33 37
0 32 36
5 6 31
26 4 30
24 25 4
8 9 30
27 29 7
23 22 7
11 12 29
10 19 21
10 20 18
25 26 15
16 24 26
24 13 22
25 14 23
18 19 28
17 12 21
17 11 20
19 12 23
18 11 22
9 21 15
16 9 20
14 6 15
16 13 6
5 14 13
8 35 28
17 27 33
8 33 10
32 5 7
32 34 4
3 30 31
2 28 29
1 37 31
1 27 36
35 3 37
2 36 34
26
38
1 2 3
0 34 35
0 33 37
0 32 36
8 17 7
8 16 22
22 14 15
16 10 4
9 4 5
8 10 21
9 14 7
18 12 14
19 11 20
18 20 15
10 11 6
19 13 6
21 5 7
26 4 31
27 11 13
27 12 15
25 12 13
16 9 26
24 5 6
24 25 30
29 22 23
28 20 23
17 21 29
18 19 28
25 27 33
24 32 26
33 35 23
32 17 34
3 29 31
2 28 30
1 37 31
1 36 30
35 3 37
2 36 34
27
38
1 2 3
0 35 37
0 34 36
0 32 33
8 25 28
30 21 22
26 27 29
20 13 29
9 10 4
8 24 22
8 21 23
16 18 15
17 18 14
15 14 7
16 12 13
17 11 13
26 11 14
27 12 15
19 11 12
24 18 20
23 19 7
24 10 5
9 5 23
10 20 22
9 19 21
32 4 31
16 37 6
17 36 6
33 4 30
33 6 7
32 28 5
25 34 35
25 3 30
3 28 29
2 37 31
1 36 31
35 2 27
1 26 34
28
38
1 2 3
0 32 33
0 35 37
0 34 36
5 6 13
8 10 4
11 4 7
9 10 6
9 11 5
8 15 7
18 5 7
8 19 6
28 13 15
12 4 14
13 22 29
9 12 22
24 21 30
20 30 23
25 10 21
25 11 20
24 17 19
16 18 23
26 14 15
17 27 21
16 27 20
18 19 26
25 22 33
24 33 23
36 12 29
28 37 14
16 17 32
32 34 35
1 30 31
1 26 27
3 37 31
2 36 31
35 3 28
2 34 29
29
38
1 2 3
0 34 35
0 33 37
0 32 36
25 5 6
16 18 4
17 4 15
8 12 21
10 22 7
11 13 23
8 24 23
24 9 22
18 13 7
9 12 17
16 19 15
18 14 6
17 5 14
16 13 6
12 5 15
26 20 14
19 21 29
31 20 7
8 27 11
9 10 27
10 11 30
28 26 4
32 25 19
33 22 23
25 34 29
32 28 20
24 35 31
33 21 30
26 3 29
2 27 31
1 28 37
1 36 30
35 3 37
2 36 34
30
38
1 2 3
0 32 33
0 35 37
0 34 36
28 5 30
4 6 7
5 14 21
12 5 13
10 13 14
11 12 14
8 17 12
9 18 13
9 10 7
8 11 7
8 9 6
25 20 29
24 19 29
10 20 23
19 11 23
16 25 18
24 17 15
28 22 6
26 21 30
17 18 26
16 27 20
27 19 15
33 22 23
24 25 33
4 21 37
16 32 15
36 4 22
32 34 35
1 29 31
1 26 27
3 37 31
2 36 31
35 3 30
2 28 34
31
38
1 2 3
0 32 37
0 34 36
0 33 35
24 21 30
30 22 23
25 14 15
25 10 11
9 11 29
8 13 31
16 17 7
8 28 7
17 18 27
9 26 28
20 6 23
18 22 6
10 19 21
24 10 12
23 12 15
16 24 27
22 21 14
16 20 4
20 5 15
18 5 14
17 19 4
32 6 7
34 13 29
34 19 12
33 11 13
8 33 26
35 4 5
32 9 36
1 31 25
3 28 29
2 27 26
3 37 30
2 37 31
1 35 36
32
38
1 2 3
0 32 33
0 34 35
0 36 37
19 5 13
4 6 7
17 12 5
18 11 5
9 10 14
8 17 11
8 18 12
9 12 7
10 11 6
4 22 15
8 16 24
16 20 13
23 14 15
9 6 25
10 26 7
20 4 21
35 19 15
32 19 22
35 13 21
16 33 28
33 27 14
17 37 31
18 36 30
24 32 28
34 27 23
34 30 31
26 29 37
25 36 29
1 27 21
24 1 23
2 28 29
2 20 22
26 3 31
25 3 30
33
38
1 2 3
0 32 37
0 33 36
0 34 35
23 22 15
14 6 7
8 5 31
9 5 30
10 12 6
11 13 7
8 17 13
9 12 17
8 16 11
16 9 10
20 5 21
18 19 4
24 12 13
25 10 11
27 21 15
26 20 15
27 19 14
18 26 14
24 28 4
25 4 29
16 34 22
17 35 23
33 19 21
32 18 20
35 29 22
34 28 23
33 37 7
32 36 6
1 27 31
2 26 30
24 3 29
25 3 28
2 37 31
1 36 30
34
38
1 2 3
0 32 37
0 34 35
0 33 36
31 5 23
24 25 4
8 23 7
20 22 6
19 21 6
16 18 26
17 29 15
17 13 14
16 13 15
11 12 29
11 28 15
10 12 14
9 12 22
10 11 21
9 19 20
8 18 22
18 21 7
8 17 20
16 19 7
4 37 6
35 5 30
26 34 5
9 35 25
33 28 30
32 27 14
33 10 13
24 34 27
32 36 4
1 28 31
27 3 29
25 2 30
24 2 26
3 37 31
1 36 23
35
38
1 2 3
0 35 37
0 34 36
0 32 33
24 26 27
25 27 23
8 22 7
17 19 6
16 18 6
11 28 15
12 13 31
9 21 17
10 19 30
10 18 29
17 20 15
16 9 14
8 21 15
11 14 7
8 13 30
12 29 7
26 28 14
16 25 11
24 6 23
26 5 22
25 4 22
24 5 21
20 4 23
36 4 5
9 20 33
32 19 13
32 18 12
10 35 34
3 29 30
3 28 37
2 37 31
1 36 31
35 2 27
1 34 33
36
38
1 2 3
0 32 37
0 33 36
0 34 35
8 18 6
9 19 7
11 4 13
10 12 5
10 4 14
11 5 15
8 16 7
9 6 17
17 15 7
16 14 6
8 13 21
9 12 20
24 10 13
25 11 12
4 21 23
20 5 22
19 37 15
18 37 14
19 36 31
18 35 30
16 34 29
17 28 33
32 29 30
32 28 31
25 27 36
24 26 35
26 34 23
33 27 22
1 26 27
25 2 31
24 3 30
3 29 23
2 28 22
1 20 21
37
38
1 2 3
0 33 36
0 34 35
0 32 37
9 11 7
11 12 6
10 5 13
12 4 13
16 9 14
8 18 4
17 6 15
20 4 5
18 5 7
21 6 7
8 17 19
16 10 19
8 26 15
10 26 14
9 27 12
30 14 15
11 29 23
24 13 31
24 25 29
25 20 28
28 21 22
27 22 23
16 17 32
25 18 33
24 33 23
34 20 22
35 19 31
32 21 30
26 3 31
1 27 28
2 29 37
2 36 30
1 35 37
34 3 36
38
38
1 2 3
0 34 35
0 32 37
0 33 36
24 19 22
24 20 21
17 18 7
8 9 6
12 13 7
11 14 7
18 11 12
9 10 13
8 10 14
8 11 21
9 12 22
16 25 28
23 29 15
28 6 23
10 29 6
20 4 31
19 5 30
31 5 13
4 30 14
16 17 27
26 4 5
26 27 15
24 25 35
25 33 23
17 34 15
16 33 18
32 20 22
32 19 21
2 30 31
27 3 29
1 28 37
1 26 36
35 3 37
2 36 34
39
38
1 2 3
0 35 37
0 34 36
0 32 33
24 26 27
25 27 23
8 31 7
19 21 6
18 20 6
28 14 15
11 13 14
10 12 15
16 11 22
17 10 22
16 9 10
9 11 17
20 12 14
21 13 15
8 21 29
20 29 7
8 16 19
17 18 7
25 12 13
26 5 30
25 4 30
24 5 22
28 4 23
36 4 5
9 26 35
32 18 19
24 33 23
32 34 6
3 29 31
3 37 30
2 37 31
1 28 36
35 2 27
1 34 33
40
38
1 2 3
0 33 36
0 34 35
0 32 37
12 6 15
10 11 6
4 5 14
8 9 17
11 20 7
10 19 7
9 20 5
8 19 5
16 4 13
17 18 12
16 18 6
4 21 22
26 12 14
26 13 7
27 13 14
9 11 30
8 10 31
24 29 15
23 28 15
25 29 22
25 28 21
24 27 23
16 17 32
25 18 33
24 33 22
34 21 23
35 19 31
32 20 30
26 3 31
1 27 28
2 29 37
2 36 30
1 35 37
34 3 36
41
38
1 2 3
0 34 35
0 32 37
0 33 36
5 6 31
26 4 30
24 25 4
24 10 26
29 14 23
11 13 29
11 12 7
9 10 23
10 21 22
9 27 14
8 13 21
16 17 21
18 20 15
25 19 15
16 19 28
17 18 22
16 25 22
12 14 15
20 19 12
8 27 11
30 6 7
17 20 6
28 5 7
35 13 23
33 18 26
8 9 32
24 33 5
32 34 4
2 29 31
3 28 30
1 37 31
1 27 36
35 3 37
2 36 34
42
38
1 2 3
0 34 35
0 33 37
0 32 36
9 10 12
8 11 13
10 13 7
11 12 6
19 5 15
18 4 14
20 4 6
21 5 7
16 4 7
16 5 6
9 19 17
8 17 18
28 12 13
30 14 15
9 29 15
8 29 14
10 22 31
26 11 23
24 27 20
25 27 21
25 26 22
24 28 23
24 35 21
33 22 23
16 25 33
32 18 19
32 17 31
34 20 30
3 29 30
2 27 28
1 37 31
1 26 36
35 3 37
2 36 34
43
38
1 2 3
0 34 35
0 33 37
0 32 36
9 10 12
8 11 13
10 13 7
11 12 6
19 5 15
18 4 14
20 4 6
21 5 7
16 4 7
16 5 6
9 19 17
8 17 18
28 12 13
30 14 15
9 29 15
8 29 14
10 22 31
27 11 23
25 26 20
24 26 21
25 28 23
24 27 22
35 22 23
25 21 33
16 24 33
32 18 19
32 17 31
34 20 30
3 29 30
2 27 28
1 37 31
1 26 36
35 3 37
2 36 34
44
38
1 2 3
0 32 33
0 34 37
0 35 36
16 10 12
16 17 6
11 5 15
8 9 18
11 14 7
10 13 7
9 4 14
8 13 6
20 4 15
9 11 22
8 10 22
12 21 6
4 5 21
27 28 5
25 26 7
24 20 23
32 19 12
16 32 15
33 13 14
19 28 37
27 19 36
18 34 31
18 35 30
24 17 37
17 36 23
33 30 31
26 34 29
25 35 29
1 20 21
1 29 22
25 2 30
26 3 31
24 3 28
2 27 23
45
38
1 2 3
0 32 37
0 34 36
0 33 35
31 27 15
16 26 31
9 11 17
8 18 11
17 10 7
10 18 6
8 9 14
13 6 7
30 13 14
11 12 15
16 10 12
26 4 13
27 5 14
8 20 6
9 21 7
20 21 30
17 19 23
18 19 22
25 21 29
24 28 20
32 29 23
32 28 22
34 5 15
16 34 4
25 33 23
24 33 22
36 19 12
35 4 5
24 1 25
3 28 29
2 27 26
3 37 31
2 37 30
1 35 36
46
38
1 2 3
0 32 37
0 34 36
0 33 35
5 6 31
17 4 14
16 4 15
8 9 19
17 13 7
16 12 7
27 30 14
26 30 15
9 18 17
8 16 18
10 26 5
27 11 6
9 13 6
8 12 5
12 13 21
20 21 7
31 19 23
18 19 22
25 21 29
24 28 20
32 29 23
32 28 22
33 11 14
33 10 15
25 34 23
24 34 22
10 11 36
20 35 4
24 1 25
27 26 3
2 28 29
3 37 31
2 37 30
1 35 36
47
38
1 2 3
0 35 37
0 34 36
0 32 33
8 25 7
24 30 23
30 21 22
24 4 29
20 4 28
17 14 23
16 23 15
16 17 20
19 13 21
18 12 22
16 9 18
17 10 19
10 11 14
9 11 15
27 13 14
26 12 15
8 11 29
27 12 6
26 13 6
9 10 5
28 5 7
32 4 31
19 37 22
18 36 21
8 24 33
33 20 7
32 5 6
25 34 35
25 3 30
3 28 29
2 37 31
1 36 31
35 2 27
1 26 34
48
38
1 2 3
0 35 37
0 34 36
0 32 33
24 26 27
25 27 23
8 31 7
19 21 6
18 20 6
12 22 14
11 28 13
10 14 15
9 13 15
17 10 12
9 11 17
16 11 12
21 22 15
20 13 14
8 21 29
20 29 7
8 17 19
16 18 7
16 9 25
26 5 30
25 4 30
24 5 22
28 4 23
36 4 5
10 35 26
32 18 19
24 33 23
32 34 6
3 29 31
3 37 30
2 37 31
1 28 36
35 2 27
1 34 33
49
38
1 2 3
0 35 37
0 34 36
0 32 33
24 26 27
25 27 23
8 31 7
19 21 6
18 20 6
22 14 15
11 13 14
10 12 15
17 11 22
16 10 28
9 10 17
16 9 11
21 13 15
20 12 14
8 21 29
20 29 7
8 17 19
16 18 7
9 12 25
26 5 30
25 4 30
24 5 22
28 4 23
36 4 5
26 35 13
32 18 19
24 33 23
32 34 6
3 29 31
3 37 30
2 37 31
1 28 36
35 2 27
1 34 33
50
38
1 2 3
0 33 37
0 34 35
0 32 36
25 5 6
16 4 13
4 14 15
24 17 10
9 23 17
8 24 14
23 13 7
16 22 14
19 13 15
10 12 5
9 11 6
16 12 6
11 5 15
8 31 7
27 20 22
27 12 21
18 26 21
28 19 20
18 11 28
8 10 29
9 29 7
26 4 30
25 20 33
33 18 19
35 21 22
24 32 23
25 34 31
32 17 30
3 29 31
1 26 27
2 37 30
36 2 28
35 3 37
1 34 36
51
38
1 2 3
0 33 37
0 34 35
0 32 36
10 13 14
12 14 6
11 5 13
8 17 12
9 20 7
8 16 15
18 11 4
10 19 6
16 5 7
20 4 6
19 4 5
9 18 17
9 12 31
31 15 7
10 29 15
11 28 14
8 13 30
25 26 23
24 27 23
30 21 22
26 29 22
27 28 21
24 33 21
25 35 22
32 25 19
24 18 34
33 20 23
16 17 32
3 28 31
1 26 30
2 29 37
2 27 36
35 3 37
1 34 36
52
38
1 2 3
0 33 36
0 32 37
0 34 35
12 5 15
9 4 13
11 13 7
9 12 6
10 11 20
20 5 7
8 16 14
8 17 6
18 4 7
18 5 6
17 10 19
16 19 4
10 31 15
11 14 31
12 13 29
28 14 15
8 9 30
25 27 23
24 26 23
30 21 22
27 29 22
26 28 21
25 22 33
24 33 21
25 19 35
24 32 18
34 20 23
16 17 32
2 29 31
1 26 27
3 37 30
36 3 28
1 35 37
2 36 34
53
38
1 2 3
0 34 35
0 33 37
0 32 36
9 10 17
8 9 6
11 5 14
8 24 14
13 5 7
4 5 15
16 12 4
12 13 6
10 11 22
8 11 20
20 6 7
16 9 19
10 18 15
18 19 4
16 17 29
17 26 15
13 14 29
25 28 23
27 12 23
21 22 31
26 28 7
27 21 30
24 35 19
32 25 22
24 32 21
33 18 20
25 33 31
34 30 23
27 3 28
2 29 30
1 37 31
1 26 36
35 3 37
2 36 34
54
38
1 2 3
0 36 37
0 32 35
0 33 34
5 6 31
28 4 30
27 4 29
17 11 13
16 19 12
18 12 15
11 20 14
10 29 7
8 9 30
23 20 7
24 17 10
9 26 19
8 25 18
21 14 7
16 9 22
8 22 15
10 13 21
17 35 20
18 19 34
24 36 13
37 14 23
16 26 37
25 36 15
33 28 6
32 27 5
35 11 6
34 12 5
32 33 4
2 28 31
27 3 31
3 30 22
2 21 29
1 26 23
24 1 25
55
38
1 2 3
0 33 37
0 32 36
0 34 35
5 6 29
20 18 4
17 19 4
10 11 22
10 12 21
24 11 13
8 13 7
9 12 7
8 11 14
9 10 14
16 12 13
16 18 22
17 14 15
16 20 6
19 5 15
25 18 6
17 5 25
8 26 23
26 15 7
24 28 21
9 27 23
19 20 37
33 21 22
24 35 31
34 30 23
33 4 36
32 35 28
32 34 27
2 30 31
1 26 29
3 28 31
27 3 30
2 29 37
1 36 25
56
38
1 2 3
0 32 37
0 33 36
0 34 35
24 25 31
30 22 23
29 21 23
8 9 28
27 13 7
15 12 7
11 13 14
16 10 15
16 9 14
8 10 26
10 12 18
9 18 11
17 11 12
16 28 20
19 14 15
18 20 22
17 19 21
20 30 6
19 5 29
5 6 37
35 27 4
26 4 34
25 35 13
8 24 34
32 17 7
33 22 6
33 5 21
32 36 4
1 28 31
2 29 30
27 25 3
24 26 3
2 37 31
1 36 23
57
38
1 2 3
0 35 37
0 34 36
0 32 33
24 30 22
21 30 23
8 17 7
14 13 6
12 6 15
18 19 29
19 11 14
10 18 15
8 16 14
16 15 7
10 12 7
8 11 13
26 12 13
26 27 6
24 9 11
9 10 23
28 21 22
24 20 5
20 4 23
19 5 22
18 4 21
32 28 31
16 17 37
17 36 29
25 20 33
9 27 33
32 4 5
25 34 35
25 3 30
3 28 29
2 37 31
1 36 31
35 2 27
1 26 34
58
38
1 2 3
0 32 37
0 33 35
0 34 36
8 10 7
8 11 6
9 10 5
9 11 4
18 4 5
19 6 7
4 14 6
15 5 7
17 13 15
16 12 14
25 10 13
25 11 12
24 13 21
20 12 23
8 27 19
9 18 26
24 17 22
16 22 23
36 20 21
17 34 21
16 34 20
32 14 15
32 19 31
33 18 28
35 27 30
33 30 31
28 29 37
26 35 29
1 26 25
2 27 29
24 3 23
2 28 31
3 37 22
1 36 30
59
38
1 2 3
0 34 35
0 33 37
0 32 36
5 6 31
24 26 4
25 4 23
27 30 15
9 10 30
8 17 19
8 16 18
28 12 29
11 20 13
19 12 21
18 20 21
16 17 7
10 19 15
9 18 15
17 10 14
16 9 13
26 12 14
25 13 14
24 28 23
26 22 6
25 5 22
24 21 6
20 5 23
35 29 7
32 11 22
27 33 11
8 33 7
32 34 4
3 28 31
2 29 30
1 37 31
1 27 36
35 3 37
2 36 34
60
38
1 2 3
0 32 36
0 35 37
0 33 34
8 17 10
16 10 7
8 9 7
17 5 6
16 4 6
25 11 6
25 4 5
9 18 22
13 14 29
28 12 15
26 19 12
27 20 13
8 5 29
28 4 7
31 11 23
24 27 14
24 26 15
30 22 23
32 11 21
18 36 21
19 20 37
9 10 33
35 20 14
35 19 15
17 34 13
16 34 12
33 21 31
32 18 30
1 22 31
25 3 30
3 28 29
2 27 26
1 37 23
24 2 36
61
38
1 2 3
0 32 36
0 35 37
0 33 34
11 5 6
8 9 4
10 4 7
9 13 6
10 5 13
16 5 7
8 17 6
12 4 14
11 20 23
8 25 7
25 11 15
24 21 14
9 26 19
10 26 18
17 19 28
16 18 27
24 12 22
23 22 15
20 21 37
35 12 21
35 20 15
32 13 14
16 17 32
34 19 31
33 18 30
36 30 31
34 28 29
33 27 29
1 26 25
3 28 31
27 3 30
24 2 23
1 29 37
2 36 22
62
38
1 2 3
0 36 37
0 32 35
0 33 34
5 6 31
28 4 30
27 4 29
17 11 13
16 19 12
18 12 15
11 20 14
10 29 7
8 9 30
23 20 7
17 10 26
24 9 19
8 25 18
21 14 7
16 9 22
8 22 15
10 13 21
17 35 20
18 19 34
24 36 13
23 37 15
16 26 37
25 36 14
33 28 6
32 27 5
35 11 6
34 12 5
32 33 4
2 28 31
27 3 31
3 30 22
2 21 29
1 26 23
24 1 25
63
38
1 2 3
0 34 35
0 33 37
0 32 36
5 6 31
24 4 30
25 26 4
8 9 30
23 29 7
27 22 7
23 13 15
16 14 23
16 18 20
10 20 14
11 13 22
16 10 22
11 12 15
26 28 21
26 19 12
25 18 28
24 12 13
24 17 25
9 14 15
8 10 11
20 5 21
19 21 6
17 18 6
9 35 29
32 17 19
8 33 27
33 5 7
32 34 4
3 28 31
2 29 30
1 37 31
1 27 36
35 3 37
2 36 34
64
38
1 2 3
0 32 33
0 35 37
0 34 36
5 6 31
4 29 30
24 4 23
8 28 12
11 14 7
10 27 13
9 14 15
8 13 15
16 26 7
9 11 17
8 17 10
16 10 11
12 22 15
13 14 21
25 19 20
24 18 22
18 21 23
24 17 20
16 19 23
20 22 6
19 21 6
32 18 29
33 12 30
9 28 37
27 36 7
25 5 33
32 26 5
34 35 4
1 30 25
1 26 29
3 37 31
2 36 31
35 3 28
2 27 34
65
38
1 2 3
0 33 36
0 34 35
0 32 37
12 13 15
9 10 11
8 11 20
8 10 19
18 6 7
16 12 5
20 5 7
19 5 6
9 4 17
16 4 14
17 18 13
4 21 22
9 27 13
27 12 14
8 26 14
11 30 7
10 6 31
25 29 15
24 28 15
24 25 26
29 22 23
28 21 23
32 18 23
16 17 33
25 22 33
24 34 21
35 19 31
32 20 30
26 3 31
1 27 28
2 29 37
2 36 30
1 35 37
34 3 36
66
38
1 2 3
0 32 33
0 35 37
0 34 36
5 6 31
24 4 30
4 29 23
8 9 27
25 11 7
10 26 7
9 12 25
8 26 12
10 11 14
17 18 27
16 12 15
18 19 14
17 20 14
16 19 13
20 13 15
17 21 15
16 18 22
24 19 28
28 20 23
30 22 6
29 5 21
8 10 37
32 9 11
36 13 7
32 21 22
24 33 6
33 5 23
34 35 4
1 26 28
1 29 30
3 37 31
2 36 31
27 35 3
25 2 34
67
38
1 2 3
0 32 33
0 35 37
0 34 36
5 6 31
4 29 30
24 4 23
25 18 26
9 26 27
8 10 13
9 14 15
12 13 15
27 11 14
9 11 17
17 10 12
16 10 11
28 22 15
13 14 21
19 20 7
24 18 22
18 21 23
24 17 20
16 19 23
20 22 6
19 21 6
33 30 7
8 36 7
8 12 37
16 32 29
33 28 5
32 25 5
34 35 4
1 28 30
1 29 25
3 37 31
2 36 31
35 26 3
2 27 34
68
38
1 2 3
0 36 37
0 32 33
0 34 35
8 9 6
10 6 7
16 4 5
9 5 15
10 4 15
4 13 7
8 5 14
12 13 14
19 11 28
9 11 31
10 11 30
8 29 7
22 6 23
24 25 18
17 26 27
20 12 21
19 37 23
19 36 29
16 24 32
16 36 20
17 22 33
32 17 28
18 35 31
18 34 30
25 12 33
37 21 15
35 27 14
26 34 13
25 2 22
24 2 28
27 3 31
26 3 30
1 21 23
1 20 29
69
38
1 2 3
0 32 33
0 35 37
0 34 36
5 6 31
24 4 30
28 4 29
24 20 21
24 22 23
16 12 15
17 11 29
10 27 26
9 18 19
18 26 22
27 19 23
9 21 17
9 20 25
10 20 15
12 13 23
12 22 14
16 17 7
25 15 7
8 19 13
8 18 14
8 5 7
16 33 21
11 13 37
11 36 14
33 30 6
32 10 6
32 28 5
34 35 4
1 29 30
1 28 25
3 37 31
2 36 31
27 35 3
2 34 26
70
38
1 2 3
0 35 37
0 34 36
0 32 33
5 6 31
4 29 30
24 4 23
9 27 13
9 26 14
8 25 7
17 11 12
16 10 13
10 14 15
15 11 7
8 16 12
20 12 13
11 20 14
10 19 18
17 22 25
24 17 28
16 23 15
28 22 23
24 18 21
20 21 6
19 22 6
9 18 37
8 33 30
32 29 7
19 36 21
33 27 5
32 26 5
34 35 4
27 3 30
26 3 29
2 37 31
1 36 31
2 35 28
1 34 25
71
38
1 2 3
0 33 36
0 32 37
0 34 35
9 5 6
11 4 7
8 10 4
10 12 5
11 13 6
24 4 23
16 6 7
8 16 5
17 15 7
8 17 14
20 13 22
19 12 21
27 10 11
12 13 30
25 28 23
29 22 15
21 14 29
31 20 15
19 14 31
9 18 30
9 26 28
18 27 26
24 25 33
16 25 32
24 32 18
33 19 20
17 35 23
34 21 22
2 27 28
1 26 29
3 37 31
3 36 30
1 35 37
2 36 34
72
38
1 2 3
0 35 37
0 34 36
0 32 33
24 26 27
25 27 23
8 31 7
18 21 6
19 20 6
10 11 14
16 9 12
9 29 15
10 22 15
28 21 14
9 18 13
19 11 12
10 19 29
18 20 22
17 14 7
8 16 15
8 17 21
20 13 7
17 12 25
26 5 30
25 4 30
24 5 22
28 4 23
36 4 5
26 34 13
16 32 11
24 33 23
32 35 6
3 29 31
3 37 30
2 28 37
1 36 31
35 2 27
1 34 33
73
38
1 2 3
0 35 37
0 34 36
0 32 33
24 26 27
25 27 23
8 31 7
18 21 6
19 20 6
10 11 14
16 9 12
9 29 15
10 22 15
22 21 14
9 18 13
19 11 12
10 19 29
28 18 20
17 14 7
8 16 15
8 17 21
20 13 7
25 12 13
26 5 30
25 4 30
24 5 22
28 4 23
36 4 5
17 26 34
16 32 11
24 33 23
32 35 6
3 29 31
3 37 30
2 28 37
1 36 31
35 2 27
1 34 33
74
38
1 2 3
0 34 35
0 32 37
0 33 36
24 13 22
24 12 14
8 20 21
9 20 14
9 19 6
8 10 7
9 18 17
18 12 13
11 5 22
11 4 21
19 5 7
16 25 28
23 29 15
10 28 23
10 11 29
8 14 31
31 6 7
30 13 6
12 4 30
16 17 27
26 4 5
26 27 15
24 25 35
25 33 23
17 34 15
16 33 18
32 21 22
32 19 20
2 30 31
27 3 29
1 28 37
1 26 36
35 3 37
2 36 34
75
38
1 2 3
0 34 35
0 33 37
0 32 36
5 6 31
26 4 29
25 4 30
8 9 28
16 19 7
17 18 7
11 12 15
10 20 14
10 27 13
17 12 20
27 17 11
16 10 21
8 22 15
9 13 14
9 19 22
8 18 21
24 11 13
24 19 15
16 18 23
26 28 22
25 20 21
24 29 6
5 30 23
32 12 14
34 23 7
25 35 5
33 26 6
32 33 4
27 3 31
2 30 31
1 28 37
1 36 29
35 3 37
2 36 34
76
38
1 2 3
0 32 37
0 34 35
0 33 36
18 14 15
16 18 13
9 11 22
8 19 11
16 21 7
10 14 6
9 19 15
15 6 7
20 13 14
12 5 21
9 4 12
10 11 4
8 20 5
24 30 23
24 4 5
10 27 7
16 26 12
8 26 13
27 29 6
17 28 25
17 18 37
35 31 23
33 20 21
32 19 22
34 29 23
35 28 22
32 17 36
25 34 33
1 27 30
26 3 31
2 28 31
25 2 29
3 37 30
24 1 36
77
38
1 2 3
0 34 35
0 33 37
0 32 36
5 6 31
26 4 30
25 4 29
8 9 28
16 19 7
17 18 7
11 12 15
10 20 14
10 27 13
17 12 20
27 17 11
16 10 21
8 22 15
9 13 14
9 19 22
8 18 21
24 11 13
24 19 15
16 18 23
26 28 22
25 20 21
24 30 6
29 5 23
32 12 14
34 23 7
26 35 6
25 5 33
32 33 4
27 3 31
2 30 31
1 28 37
1 36 29
35 3 37
2 36 34
78
38
1 2 3
0 32 33
0 35 37
0 34 36
5 6 31
4 21 22
24 4 23
8 9 10
11 14 7
26 13 7
25 12 7
8 20 30
10 26 15
16 9 25
8 16 18
28 12 23
24 13 14
24 18 28
17 14 23
27 20 21
19 11 22
19 5 30
20 5 29
18 6 15
16 17 6
33 10 13
9 12 33
32 19 29
32 17 15
27 37 22
11 36 21
34 35 4
1 27 28
1 26 25
3 37 31
2 36 31
35 3 30
2 34 29
79
38
1 2 3
0 34 35
0 33 37
0 32 36
5 6 31
26 4 29
25 4 30
8 9 28
17 19 7
16 18 7
20 11 12
10 13 21
10 27 15
27 11 14
19 20 13
18 12 21
9 19 22
8 18 22
9 17 15
8 16 14
24 10 14
23 11 15
16 17 24
26 28 21
25 20 22
24 29 6
5 30 23
32 12 13
34 23 7
25 35 5
33 26 6
32 33 4
27 3 31
2 30 31
1 28 37
1 36 29
35 3 37
2 36 34
80
38
1 2 3
0 34 35
0 33 37
0 32 36
5 6 31
26 4 30
25 4 29
8 9 28
17 19 7
16 18 7
20 11 12
10 13 21
10 27 15
27 11 14
19 20 13
18 12 21
9 19 22
8 18 22
9 17 15
8 16 14
24 10 14
23 11 15
16 17 24
26 28 21
25 20 22
24 30 6
29 5 23
32 12 13
34 23 7
26 35 6
25 5 33
32 33 4
27 3 31
2 30 31
1 28 37
1 36 29
35 3 37
2 36 34
81
38
1 2 3
0 34 35
0 33 37
0 32 36
5 6 31
26 4 29
25 4 30
8 9 28
17 19 7
16 18 7
20 11 12
10 27 13
10 21 15
11 21 14
19 20 13
18 27 12
9 19 22
8 18 22
9 17 15
8 16 14
24 10 14
12 13 23
16 17 24
26 28 21
25 20 22
24 29 6
5 30 23
32 11 15
34 23 7
25 35 5
33 26 6
32 33 4
27 3 31
2 30 31
1 28 37
1 36 29
35 3 37
2 36 34
82
38
1 2 3
0 32 33
0 35 37
0 34 36
5 6 31
24 28 4
4 29 30
8 9 24
23 20 7
21 22 7
27 14 15
25 12 13
17 11 15
16 11 14
17 10 13
16 10 12
21 13 15
20 12 14
27 20 22
26 21 23
8 17 18
16 9 19
9 18 23
8 19 22
25 5 7
24 11 36
19 29 37
32 10 18
33 5 30
33 26 6
32 28 6
34 35 4
1 27 30
1 28 29
3 37 31
2 36 31
25 3 35
2 34 26
83
38
1 2 3
0 35 37
0 34 36
0 32 33
25 26 31
24 26 23
20 30 22
19 21 30
24 9 18
8 16 10
9 12 15
17 27 15
17 10 13
28 12 14
16 13 15
10 11 14
9 22 14
11 12 21
8 19 20
18 22 7
18 21 6
17 20 7
16 19 6
31 5 29
8 25 5
24 4 29
36 4 5
34 11 28
35 27 13
25 33 23
32 6 7
32 4 23
3 30 31
3 29 37
2 27 37
1 28 36
2 35 26
1 34 33
84
38
1 2 3
0 34 35
0 32 37
0 33 36
24 22 14
24 13 21
8 20 7
18 11 6
10 19 6
17 10 18
8 9 12
19 12 7
10 11 14
20 5 22
12 4 21
16 25 28
23 29 15
9 28 23
9 29 7
8 11 30
30 13 6
5 14 31
4 13 31
16 17 27
26 4 5
26 27 15
24 25 35
25 33 23
17 34 15
16 33 18
32 19 20
32 21 22
2 30 31
27 3 29
1 28 37
1 26 36
35 3 37
2 36 34
85
38
1 2 3
0 32 37
0 34 36
0 33 35
18 20 31
28 11 12
24 10 28
17 29 22
18 26 29
10 11 30
9 6 25
24 9 5
5 14 23
23 19 15
16 17 12
16 13 21
22 14 15
21 14 7
8 27 4
27 20 13
26 19 4
17 25 15
16 25 7
24 12 13
11 6 23
10 21 22
8 34 20
18 19 34
33 5 6
8 36 7
32 9 33
32 35 4
1 30 31
3 28 30
2 27 26
3 37 31
2 29 37
1 35 36
86
38
1 2 3
0 32 33
0 35 37
0 34 36
5 6 31
4 21 22
24 4 23
8 9 25
10 26 7
27 11 7
8 28 12
9 12 14
10 11 13
20 18 12
19 17 11
20 30 22
19 21 29
18 14 23
24 17 13
16 24 14
23 13 15
16 5 30
29 5 15
17 20 6
18 19 6
33 28 7
8 33 27
9 26 37
25 10 36
16 32 22
32 21 15
34 35 4
1 29 30
1 26 25
3 37 31
2 36 31
35 3 28
2 27 34
87
38
1 2 3
0 33 37
0 34 35
0 32 36
12 14 15
11 13 15
16 13 7
8 17 6
9 19 7
8 16 10
9 12 17
20 5 14
20 10 4
18 5 6
18 11 4
19 4 5
9 6 31
10 31 7
13 14 29
8 30 15
28 11 12
25 26 23
24 27 23
30 21 22
26 29 22
27 28 21
24 33 21
25 35 22
32 25 20
24 18 34
33 19 23
16 17 32
3 28 31
1 26 30
2 29 37
2 27 36
35 3 37
1 34 36
88
38
1 2 3
0 34 35
0 33 37
0 32 36
5 6 31
26 4 29
25 4 30
8 9 28
16 19 7
17 18 7
21 13 15
20 12 15
11 21 14
10 20 14
17 12 13
16 10 11
8 22 15
9 27 14
9 19 22
8 18 27
24 11 13
10 12 23
16 24 18
26 28 21
25 20 22
24 29 6
5 30 23
32 17 19
34 23 7
25 35 5
33 26 6
32 33 4
27 3 31
2 30 31
1 28 37
1 36 29
35 3 37
2 36 34
89
38
1 2 3
0 34 35
0 32 37
0 33 36
29 21 7
28 27 12
8 27 30
8 9 4
20 6 7
24 25 7
18 19 20
16 17 20
26 5 13
12 14 15
13 22 23
17 18 13
25 18 11
19 11 15
16 10 15
17 10 23
8 10 11
36 4 31
24 34 14
35 19 14
9 35 22
16 9 34
12 37 30
5 6 37
36 5 29
28 4 33
32 26 6
32 33 21
2 30 31
3 29 31
1 22 25
24 1 23
3 28 21
2 27 26
90
38
1 2 3
0 35 37
0 34 36
0 32 33
5 6 31
24 4 30
28 4 29
8 9 24
23 21 7
20 22 7
27 17 11
16 10 13
16 25 18
18 11 14
26 13 15
16 17 14
11 12 15
10 23 15
12 13 22
26 20 21
9 19 23
8 19 22
9 18 21
8 17 20
25 5 7
24 12 37
33 19 14
36 10 28
32 27 6
33 30 6
32 5 29
34 35 4
3 28 30
26 3 29
2 37 31
1 36 31
35 2 27
1 34 25
91
38
1 2 3
0 34 35
0 32 37
0 33 36
29 21 7
28 27 20
27 11 30
8 9 4
25 18 7
19 20 7
24 11 22
10 12 6
11 13 14
17 12 15
16 12 23
16 18 13
19 14 15
19 13 23
8 24 15
16 9 17
9 26 5
36 4 31
25 10 35
17 35 14
10 34 18
8 34 22
20 37 30
5 6 37
36 5 29
28 4 33
32 26 6
32 33 21
2 30 31
3 29 31
24 1 25
1 22 23
3 28 21
2 27 26
92
38
1 2 3
0 34 35
0 33 37
0 32 36
5 6 31
26 4 30
25 4 29
8 9 28
17 19 7
16 18 7
20 14 15
27 12 15
11 20 13
12 21 14
10 27 13
10 11 18
9 19 22
8 18 22
9 17 15
8 16 21
24 10 12
19 13 23
16 17 24
26 28 21
25 20 22
24 30 6
29 5 23
32 11 14
34 23 7
26 35 6
25 5 33
32 33 4
27 3 31
2 30 31
1 28 37
1 36 29
35 3 37
2 36 34
93
38
1 2 3
0 33 36
0 32 37
0 34 35
16 24 14
24 13 15
9 10 18
8 10 20
18 12 7
20 12 6
11 6 7
16 10 22
8 9 15
16 19 5
19 4 15
12 5 14
11 4 13
25 29 23
8 6 31
27 13 14
9 30 7
26 22 23
11 21 29
17 28 21
28 4 5
17 26 27
25 34 21
32 25 19
24 33 23
17 22 33
35 20 31
32 18 30
2 27 31
1 28 29
26 3 37
3 36 30
1 35 37
2 36 34
94
38
1 2 3
0 33 36
0 34 35
0 32 37
11 12 15
9 10 12
8 14 7
10 20 6
9 18 6
8 20 5
18 5 7
17 4 13
16 4 5
16 19 11
17 19 6
4 21 22
26 12 13
26 11 14
8 10 31
27 13 14
9 30 7
25 29 15
24 28 15
24 25 27
29 22 23
28 21 23
16 17 32
33 19 23
25 35 22
24 32 21
33 20 31
18 34 30
26 3 29
1 27 30
2 37 31
36 2 28
1 35 37
34 3 36
95
38
1 2 3
0 32 37
0 34 36
0 33 35
11 5 7
8 9 4
9 30 7
4 6 15
10 5 15
5 6 13
8 12 14
4 13 14
17 10 22
9 11 25
24 10 11
8 23 7
20 21 31
18 19 12
17 29 25
17 26 23
16 28 22
16 24 27
20 27 12
19 29 15
28 21 14
18 26 13
25 19 33
34 21 22
24 34 20
33 18 23
32 36 6
16 32 35
1 30 31
26 3 29
2 27 28
3 37 31
2 37 30
1 35 36
96
38
1 2 3
0 32 33
0 35 37
0 34 36
5 6 13
12 4 28
11 4 29
8 20 21
9 10 7
8 11 28
8 12 29
9 12 6
10 11 5
16 17 4
17 18 30
16 19 30
18 13 15
19 13 14
16 22 14
17 23 15
24 23 7
25 22 7
18 27 21
26 19 20
25 27 20
24 26 21
25 33 23
24 33 22
9 36 5
10 37 6
32 14 15
32 34 35
1 30 31
1 26 27
3 37 31
2 36 31
35 3 28
2 34 29
97
38
1 2 3
0 33 36
0 32 37
0 34 35
5 6 23
4 21 22
16 4 15
8 9 10
19 12 7
11 20 7
17 18 7
9 12 13
8 11 14
16 19 11
16 20 12
30 6 31
14 13 6
24 10 22
25 10 21
8 28 13
9 29 14
24 18 5
17 5 25
26 27 4
32 17 21
33 18 22
35 29 23
34 28 23
27 35 19
26 20 34
33 37 15
32 36 15
24 2 31
1 30 25
27 3 29
26 3 28
1 37 31
2 36 30
98
38
1 2 3
0 34 35
0 32 37
0 33 36
8 13 21
11 12 13
10 14 31
8 9 30
20 4 7
16 12 7
11 6 15
16 10 5
9 5 15
19 4 5
17 18 6
10 12 29
9 11 29
28 14 23
27 22 14
25 20 13
8 26 19
25 26 4
24 18 28
24 17 27
35 22 23
35 19 21
34 20 21
33 18 23
32 17 22
16 34 15
33 37 7
32 36 6
2 28 31
27 3 30
1 26 29
24 1 25
3 37 31
2 36 30
99
38
1 2 3
0 32 37
0 34 35
0 33 36
31 5 23
24 25 4
8 23 7
20 21 6
19 22 6
16 18 30
17 29 15
26 20 15
16 26 19
18 22 14
17 13 21
10 11 21
9 12 22
10 20 14
9 19 13
8 18 12
17 11 7
15 14 7
8 16 13
4 37 6
35 28 5
34 27 5
33 11 12
25 35 30
24 34 29
32 10 28
9 27 33
32 36 4
1 29 31
26 3 30
25 2 28
24 2 27
3 37 31
1 36 23
100
38
1 2 3
0 32 37
0 34 35
0 33 36
18 14 15
16 18 13
8 22 7
16 21 6
12 6 15
10 11 14
9 20 13
9 19 15
8 19 14
10 5 21
9 4 12
8 11 4
20 5 7
24 30 23
24 4 5
27 11 12
16 10 26
26 13 7
27 29 6
17 28 25
17 18 37
35 31 23
33 20 21
32 19 22
34 29 23
35 28 22
32 17 36
25 34 33
1 27 30
26 3 31
2 28 31
25 2 29
3 37 30
24 1 36
101
38
1 2 3
0 34 35
0 32 37
0 33 36
8 24 7
16 19 23
19 14 15
16 4 14
9 10 4
8 12 15
8 11 13
10 21 15
9 13 21
10 12 22
23 6 7
9 11 6
5 22 7
25 20 28
24 27 20
26 5 6
17 18 30
11 12 31
16 13 29
5 14 29
28 18 4
17 26 27
25 34 19
32 25 18
24 17 32
33 22 23
35 20 31
33 21 30
2 27 28
3 29 31
1 26 37
1 36 30
35 3 37
2 36 34
102
38
1 2 3
0 35 37
0 34 36
0 32 33
5 6 31
4 21 23
24 4 22
8 9 27
11 12 7
15 14 7
25 11 28
8 10 26
8 25 13
16 26 12
16 9 17
9 18 20
13 14 21
30 14 23
24 29 15
24 27 20
19 22 15
16 5 30
20 29 6
17 28 5
18 19 6
32 10 12
32 11 13
19 36 7
33 10 23
18 37 22
17 21 33
34 35 4
25 26 3
3 28 30
2 37 31
1 36 31
35 2 27
1 34 29
103
38
1 2 3
0 32 37
0 33 36
0 34 35
31 5 23
24 25 4
26 23 7
8 9 6
19 22 7
20 21 7
27 11 12
16 10 14
10 13 15
16 12 30
11 30 15
20 12 14
19 11 13
27 20 22
19 28 21
8 16 18
9 17 15
9 18 22
8 17 21
4 37 6
35 5 29
26 34 5
25 35 6
32 17 10
33 18 29
24 34 28
33 13 14
32 36 4
1 27 31
2 28 30
25 3 29
24 26 3
2 37 31
1 36 23
104
38
1 2 3
0 33 37
0 32 36
0 34 35
5 6 15
27 4 14
26 4 13
9 10 27
26 11 12
16 20 7
17 23 7
8 19 22
8 18 21
25 14 6
24 5 13
24 25 4
9 28 23
10 20 30
12 22 31
11 21 29
32 9 17
33 19 12
33 18 11
16 32 10
37 14 15
36 13 15
8 37 6
36 5 7
16 34 29
35 19 28
17 35 31
18 34 30
2 20 23
1 21 22
3 28 31
3 29 30
25 2 27
24 1 26
105
38
1 2 3
0 32 37
0 34 36
0 33 35
5 30 29
28 4 14
27 19 31
18 26 31
9 10 14
8 16 12
8 17 11
16 10 15
9 17 15
28 20 30
8 5 21
11 12 21
9 11 22
10 12 23
27 23 7
26 22 6
24 13 29
24 14 15
16 25 19
17 18 25
32 20 21
32 22 23
34 19 7
18 34 6
33 5 13
20 4 33
36 4 13
35 6 7
24 1 25
3 28 29
2 27 26
3 37 31
2 37 30
1 35 36
106
38
1 2 3
0 35 36
0 32 37
0 33 34
8 14 6
9 15 7
9 11 4
8 11 5
10 4 7
10 5 6
8 9 18
19 6 7
17 21 15
16 20 14
17 4 13
16 12 5
23 13 15
12 14 23
10 19 29
18 11 22
26 28 13
25 27 12
33 19 30
16 17 35
34 29 31
28 21 37
27 20 37
26 36 21
25 20 36
24 18 35
32 34 22
24 32 33
2 30 31
3 22 31
24 3 30
1 29 23
1 27 28
25 2 26
107
38
1 2 3
0 33 36
0 32 37
0 34 35
5 6 31
24 26 4
25 4 23
10 11 30
17 20 29
18 19 29
15 13 7
16 14 7
17 13 22
10 12 14
11 13 21
16 10 21
11 28 15
8 18 12
9 27 17
9 20 28
8 27 19
24 14 15
25 26 12
26 30 6
25 5 21
24 22 6
5 22 23
33 18 20
16 35 19
8 9 34
32 23 7
32 33 4
2 30 31
1 27 31
3 29 37
36 3 28
1 35 37
2 36 34
108
38
1 2 3
0 32 35
0 34 37
0 33 36
9 12 7
9 13 6
8 12 5
8 4 13
11 6 7
10 4 5
9 11 31
8 10 30
28 4 6
29 5 7
16 26 23
17 26 22
30 22 14
31 23 15
25 27 21
24 27 20
25 19 29
24 18 28
16 33 15
17 14 33
34 19 21
18 20 34
37 14 15
18 19 36
35 12 21
35 20 13
16 32 11
32 17 10
1 30 31
3 22 23
24 25 2
1 28 29
27 3 37
2 36 26
109
38
1 2 3
0 35 37
0 34 36
0 32 33
8 25 7
29 30 23
24 28 30
26 27 4
4 21 22
26 11 13
27 12 14
16 9 14
16 10 13
9 12 15
10 11 15
20 13 14
19 11 12
18 22 23
24 17 21
16 20 22
19 21 15
8 18 20
8 17 19
17 28 5
18 29 6
32 4 31
9 37 7
10 36 7
33 6 23
24 33 5
32 5 6
25 34 35
25 3 30
3 28 29
2 37 31
1 36 31
35 2 27
1 26 34
110
38
1 2 3
0 32 33
0 35 37
0 34 36
20 14 15
16 17 19
9 18 21
8 20 21
9 13 7
8 19 6
17 12 31
16 12 30
10 11 29
8 24 18
27 4 23
28 4 22
11 5 31
10 5 30
25 13 6
9 5 29
25 4 7
24 6 7
26 27 15
26 28 14
32 13 21
33 18 20
33 22 23
36 22 14
23 37 15
32 19 12
17 11 35
16 10 34
24 1 29
1 26 25
35 3 31
2 34 30
27 3 37
36 2 28
111
38
1 2 3
0 35 37
0 34 36
0 32 33
5 6 31
24 4 30
28 4 29
8 9 24
21 22 7
23 20 7
27 14 15
25 12 13
16 11 15
17 11 14
16 10 13
17 10 12
20 12 14
21 13 15
26 21 23
26 20 22
16 9 19
8 17 18
8 19 23
9 18 22
25 5 7
24 11 37
33 18 19
36 10 28
32 27 6
33 30 6
32 5 29
34 35 4
3 28 30
26 3 29
2 37 31
1 36 31
35 2 27
1 34 25
112
38
1 2 3
0 34 35
0 33 37
0 32 36
5 6 31
24 26 4
25 4 23
27 12 14
27 13 15
10 11 28
9 18 21
9 19 20
13 30 7
8 12 29
16 29 7
8 17 30
19 21 14
18 20 15
17 10 19
16 18 11
17 26 11
16 25 10
24 28 23
26 22 6
25 5 22
24 21 6
20 5 23
8 35 7
32 9 22
33 13 14
33 12 15
32 34 4
3 28 31
2 29 30
1 37 31
1 27 36
35 3 37
2 36 34
113
38
1 2 3
0 32 37
0 34 36
0 33 35
30 22 23
24 21 30
9 11 31
8 26 12
9 28 7
8 29 6
26 11 29
10 28 6
16 15 7
16 17 27
18 27 15
17 12 14
18 12 13
21 13 15
16 22 14
24 25 22
25 21 23
17 20 5
18 19 4
24 20 4
19 5 23
32 19 20
10 34 7
34 13 14
8 33 11
9 10 33
35 4 5
32 36 6
1 31 25
3 28 29
2 27 26
3 37 30
2 37 31
1 35 36
114
38
1 2 3
0 32 37
0 34 36
0 33 35
5 6 15
8 11 4
9 10 4
17 12 13
10 12 5
11 13 6
8 19 6
9 19 5
8 25 7
24 9 7
31 23 15
18 4 14
30 21 22
18 20 7
17 27 15
10 11 26
17 26 23
16 25 29
16 24 28
27 20 14
13 22 29
28 12 21
34 19 20
18 34 23
25 22 33
24 33 21
16 32 36
32 35 14
1 30 31
3 28 29
2 27 26
3 37 31
2 37 30
1 35 36
115
38
1 2 3
0 34 35
0 33 37
0 32 36
25 5 15
4 6 7
5 14 13
11 12 5
10 14 23
24 10 22
8 9 21
16 14 7
20 13 7
16 12 6
8 11 6
17 4 28
26 11 13
31 19 15
19 28 21
17 18 27
12 29 22
10 18 31
9 20 30
8 24 30
9 29 23
26 27 4
16 25 35
32 25 19
18 34 15
24 33 20
33 22 23
32 17 21
27 3 31
2 29 30
1 28 37
1 26 36
35 3 37
2 36 34
116
38
1 2 3
0 33 37
0 35 36
0 32 34
9 14 17
16 9 15
8 12 13
8 9 19
18 6 7
4 5 7
16 20 12
17 13 21
10 21 6
11 20 6
23 4 15
22 5 14
10 5 23
11 4 22
8 26 27
24 25 7
10 13 29
11 12 29
17 28 15
16 28 14
27 19 31
26 19 30
25 18 31
24 18 30
33 22 23
32 20 21
25 27 35
24 26 34
3 36 29
1 35 28
3 37 31
33 2 30
32 2 37
1 34 36
117
38
1 2 3
0 33 36
0 34 35
0 32 37
5 6 15
20 4 14
19 4 13
8 9 18
17 10 7
16 11 7
8 16 12
9 13 17
10 18 14
11 20 6
19 12 5
4 21 22
9 10 31
8 26 11
26 12 7
27 14 6
27 5 13
25 29 15
24 28 15
24 25 30
29 22 23
28 21 23
17 18 35
32 19 20
25 22 33
24 34 21
33 31 23
16 32 30
27 3 31
1 28 30
2 29 37
2 36 26
1 35 37
34 3 36
118
38
1 2 3
0 32 37
0 33 36
0 34 35
5 6 31
4 22 23
20 4 21
8 9 24
15 30 7
29 13 7
11 12 13
25 10 28
10 27 26
9 10 30
16 17 22
8 29 22
18 21 14
19 20 14
16 27 20
17 28 21
17 18 6
16 19 6
5 14 15
24 5 37
32 23 7
35 26 11
25 34 12
18 35 12
19 34 11
9 33 15
8 33 13
32 36 4
24 1 31
2 29 30
26 3 28
27 25 3
2 37 31
1 36 23
119
38
1 2 3
0 35 37
0 34 36
0 32 33
24 26 27
25 27 23
31 21 7
10 11 6
17 20 22
18 19 22
15 14 7
16 13 7
13 14 21
11 12 15
16 10 12
10 19 13
11 20 14
8 18 29
9 28 17
9 29 15
8 16 28
26 12 6
8 9 25
26 5 30
25 4 30
24 5 22
4 21 23
36 4 5
32 18 20
32 17 19
24 33 23
34 35 6
3 28 29
3 37 30
2 37 31
1 36 31
35 2 27
1 34 33
120
38
1 2 3
0 32 33
0 34 37
0 35 36
8 11 12
16 9 10
10 11 7
9 12 6
17 4 13
5 14 7
5 6 15
4 14 6
15 4 7
8 18 21
27 9 11
28 10 12
24 25 5
8 26 22
20 13 22
20 21 23
18 19 37
34 19 13
17 18 34
24 32 19
16 33 23
16 32 26
17 33 25
36 14 31
35 30 15
37 30 31
36 28 29
35 27 29
1 25 23
24 1 26
2 21 22
3 28 31
27 3 30
2 20 29
121
38
1 2 3
0 33 34
0 32 35
0 36 37
8 10 5
12 11 4
9 11 7
10 12 6
18 19 4
16 13 6
17 4 7
17 5 6
16 5 7
9 14 15
25 20 13
24 13 21
9 27 12
10 11 26
8 28 23
8 29 22
24 22 14
25 23 15
19 20 37
18 36 21
35 20 15
35 21 14
17 34 31
16 33 30
18 29 37
36 19 28
32 34 27
32 33 26
2 30 31
1 27 31
1 26 30
24 25 2
3 29 23
3 28 22
122
38
1 2 3
0 32 36
0 35 37
0 33 34
9 12 13
8 10 11
11 12 7
10 13 6
16 5 21
17 4 20
5 14 7
5 6 15
4 14 6
15 4 7
10 12 22
11 13 23
8 19 29
9 18 28
24 17 19
16 25 18
24 9 27
8 25 26
34 14 31
33 30 15
18 20 37
19 36 21
35 21 29
28 35 20
17 27 37
16 26 36
32 34 23
32 33 22
1 30 31
31 3 23
3 30 22
2 27 26
1 29 25
24 2 28
123
38
1 2 3
0 35 37
0 34 36
0 32 33
5 6 31
24 4 30
28 4 29
8 9 24
23 20 7
21 22 7
27 26 19
27 14 15
17 25 15
16 25 14
17 11 13
16 11 12
21 13 15
20 12 14
26 20 22
10 21 23
8 17 18
16 9 19
9 18 23
8 19 22
28 5 7
33 12 13
10 18 37
10 11 36
24 32 6
33 30 6
32 5 29
34 35 4
3 28 30
25 3 29
2 37 31
1 36 31
35 2 27
1 26 34
124
38
1 2 3
0 34 35
0 33 36
0 32 37
10 11 23
30 22 31
15 14 7
16 17 6
9 17 15
8 16 13
4 21 14
12 4 20
11 13 21
9 18 12
10 20 6
8 19 6
9 19 7
8 18 7
17 13 29
16 24 15
25 11 14
25 10 12
26 28 5
24 27 4
32 19 23
33 20 21
35 29 22
35 28 23
34 27 22
18 34 26
33 5 37
32 36 5
24 3 31
25 2 30
1 28 29
1 26 27
2 37 31
3 36 30
125
38
1 2 3
0 33 37
0 32 36
0 34 35
25 5 15
4 6 7
12 5 13
11 5 14
24 10 21
10 22 23
8 9 20
19 13 7
19 14 6
11 6 23
24 12 7
16 28 4
18 31 15
28 18 20
16 17 27
26 11 12
17 10 31
8 30 22
9 21 29
9 13 30
8 29 14
26 27 4
25 19 35
25 18 34
32 17 15
24 33 22
33 21 23
16 32 20
2 28 31
1 29 30
27 3 37
26 3 36
2 35 37
1 34 36
126
38
1 2 3
0 32 37
0 34 36
0 33 35
31 5 7
8 10 4
9 10 7
4 13 6
9 5 13
8 12 6
5 6 15
16 12 14
9 11 25
8 22 7
23 11 15
24 10 14
11 20 21
18 19 30
17 29 25
17 28 23
16 27 22
16 24 26
26 20 13
19 29 14
27 21 15
28 18 12
34 21 22
24 34 20
25 19 33
33 18 23
32 17 36
32 35 4
1 30 31
3 28 29
2 27 26
3 37 31
2 37 30
1 35 36
127
38
1 2 3
0 34 35
0 33 37
0 32 36
5 6 31
24 26 4
25 4 23
27 10 19
9 18 27
8 19 30
18 30 7
20 12 29
11 13 14
17 12 21
16 12 15
17 20 14
19 21 14
18 13 15
8 17 10
16 9 7
26 11 15
16 25 13
24 28 23
26 22 6
25 5 22
24 21 6
20 5 23
8 35 7
32 29 22
33 11 28
9 10 33
32 34 4
3 28 31
2 29 30
1 37 31
1 27 36
35 3 37
2 36 34
128
38
1 2 3
0 35 36
0 32 37
0 33 34
15 5 13
4 6 7
10 11 5
9 12 5
9 10 14
8 11 7
8 12 6
9 18 6
10 19 7
17 4 20
8 17 15
16 4 14
25 21 15
25 13 14
24 11 22
12 22 23
26 27 13
16 28 29
35 18 19
34 19 31
33 18 30
16 17 35
20 29 37
28 20 36
27 21 37
26 36 21
24 32 34
32 33 23
2 30 31
24 3 31
3 30 23
1 22 25
1 27 29
2 28 26
129
38
1 2 3
0 34 35
0 33 37
0 32 36
5 6 31
25 4 23
24 26 4
9 10 14
9 11 29
8 12 7
11 13 7
8 17 10
9 13 17
16 10 12
20 21 7
25 27 29
25 28 13
11 12 23
26 21 30
24 30 22
22 14 23
24 18 14
26 19 20
17 20 5
19 21 6
16 5 15
18 22 6
35 28 15
16 33 27
8 33 15
32 18 19
32 34 4
3 30 31
2 28 29
1 37 31
1 27 36
35 3 37
2 36 34
130
38
1 2 3
0 32 37
0 34 36
0 33 35
19 12 29
8 9 19
10 11 26
16 26 27
11 5 15
5 14 13
17 14 6
8 13 6
4 13 15
9 11 12
9 10 15
8 12 14
28 30 7
10 28 18
17 27 30
4 5 22
25 31 23
24 22 31
25 19 21
24 20 29
32 21 23
32 20 22
34 6 7
33 18 7
16 17 33
34 4 23
16 18 36
35 20 21
24 1 25
27 3 28
2 26 29
3 37 31
2 37 30
1 35 36
131
38
1 2 3
0 34 35
0 33 37
0 32 36
28 5 31
4 6 7
24 26 5
25 5 23
27 11 12
10 27 13
9 12 29
8 13 29
8 10 19
9 11 20
17 18 28
16 17 20
18 19 15
22 14 15
16 21 14
16 12 22
21 13 15
18 20 26
17 19 25
26 30 7
25 30 6
24 22 7
21 6 23
8 9 35
33 4 14
33 10 11
24 32 23
32 34 4
3 30 31
2 28 29
1 37 31
1 27 36
35 3 37
2 36 34
132
38
1 2 3
0 35 37
0 34 36
0 32 33
26 27 23
24 25 27
8 22 7
21 6 15
16 17 6
10 28 21
9 19 15
12 14 31
17 11 30
16 30 14
11 13 29
10 20 7
8 18 13
8 12 29
16 26 19
10 18 23
24 28 15
24 9 7
25 6 23
19 4 22
20 5 21
26 5 22
25 18 4
36 4 5
9 20 33
32 17 14
32 12 13
35 34 11
3 29 30
3 28 37
2 37 31
1 36 31
35 2 27
1 34 33
133
38
1 2 3
0 35 37
0 34 36
0 32 33
26 27 23
24 25 27
8 22 7
17 18 6
16 6 15
11 28 21
13 14 31
9 19 12
11 20 15
17 10 30
16 10 29
8 12 21
8 30 14
29 13 7
26 19 7
18 11 23
24 28 12
24 9 15
25 6 23
19 4 22
20 5 21
26 5 22
25 18 4
36 4 5
9 20 33
32 17 14
16 32 13
10 35 34
3 29 30
3 28 37
2 37 31
1 36 31
35 2 27
1 34 33
134
38
1 2 3
0 35 37
0 34 36
0 32 33
5 6 31
24 4 30
28 4 29
8 9 24
23 21 7
20 22 7
27 11 12
16 10 18
10 14 15
16 25 14
18 12 13
16 17 12
11 13 15
26 23 15
11 22 14
26 20 21
9 19 23
8 19 22
9 18 21
8 17 20
25 5 7
24 33 13
17 19 37
36 10 28
32 27 6
33 30 6
32 5 29
34 35 4
3 28 30
25 3 29
2 37 31
1 36 31
35 2 27
1 26 34
135
38
1 2 3
0 32 37
0 33 35
0 34 36
31 5 23
4 6 7
19 5 22
20 5 21
10 11 18
10 12 30
8 9 17
8 28 14
16 9 24
25 28 15
27 11 15
26 13 14
19 12 29
24 10 20
8 19 21
16 18 6
17 30 7
18 22 7
21 6 29
26 4 37
17 12 33
35 27 13
32 23 15
25 34 14
34 11 13
16 35 22
9 20 33
32 36 4
1 26 31
24 2 30
27 3 28
25 2 29
3 37 31
1 36 23
136
38
1 2 3
0 32 33
0 35 37
0 34 36
5 6 31
24 4 29
28 4 30
8 9 24
23 21 7
20 22 7
25 11 12
16 10 18
10 14 15
16 27 14
18 12 13
16 17 12
11 13 15
26 23 15
11 22 14
25 20 21
9 19 23
8 19 22
9 18 21
8 17 20
28 5 7
32 10 19
17 27 37
26 36 13
24 33 6
33 5 30
32 29 6
34 35 4
1 30 25
1 28 29
3 37 31
2 36 31
27 35 3
2 34 26
137
38
1 2 3
0 34 35
0 32 37
0 33 36
8 24 7
16 19 13
19 14 15
12 4 15
16 4 14
12 21 23
11 13 23
10 21 22
9 22 7
10 5 14
8 13 6
16 6 7
8 5 15
25 20 28
24 27 20
26 5 6
17 18 30
9 11 31
11 12 29
9 10 29
28 18 4
17 26 27
25 34 19
32 25 18
24 17 32
33 22 23
35 20 31
33 21 30
2 27 28
3 29 31
1 26 37
1 36 30
35 3 37
2 36 34
138
38
1 2 3
0 34 35
0 32 33
0 36 37
16 17 15
8 19 6
18 5 7
11 12 6
9 10 5
8 12 13
8 11 14
10 13 7
9 14 7
9 11 20
10 12 21
26 27 4
28 4 21
20 4 29
24 25 6
5 22 23
17 13 37
16 36 14
24 33 19
32 19 30
32 18 22
35 18 27
35 31 15
25 34 15
16 29 37
17 28 36
33 31 23
26 34 30
24 2 23
2 30 22
1 27 31
1 26 25
3 21 29
28 3 20
139
38
1 2 3
0 34 35
0 33 37
0 32 36
25 19 20
24 6 23
8 5 22
13 22 23
16 9 6
8 10 14
9 21 15
12 21 14
16 11 15
24 17 7
9 18 11
10 12 18
8 17 12
16 20 13
19 14 15
18 4 29
17 4 30
10 11 26
27 6 7
31 5 7
27 5 13
28 26 4
32 25 21
24 33 22
25 34 29
32 19 28
35 20 31
33 30 23
26 3 29
2 27 31
1 28 37
1 36 30
35 3 37
2 36 34
140
38
1 2 3
0 35 37
0 34 36
0 32 33
5 6 31
4 29 30
24 4 23
16 11 12
26 11 13
26 28 15
12 14 15
8 14 7
10 13 7
8 17 12
17 10 11
9 10 27
25 21 7
22 13 14
25 19 20
24 18 22
18 21 23
16 24 20
17 19 23
20 22 6
19 21 6
16 18 36
8 9 37
33 30 15
32 9 29
33 28 5
32 27 5
34 35 4
3 28 30
27 3 29
2 37 31
1 36 31
25 2 35
1 26 34
141
38
1 2 3
0 35 37
0 34 36
0 32 33
26 27 23
24 25 27
12 13 31
8 16 17
19 20 7
10 11 18
9 22 14
9 21 15
14 6 29
28 6 15
28 10 12
11 13 29
26 30 7
18 23 7
9 26 17
8 25 22
8 24 21
25 11 20
24 10 19
17 4 30
20 5 22
19 5 21
16 18 4
36 4 5
32 13 14
32 12 15
16 33 23
34 35 6
3 28 29
3 37 30
2 37 31
1 36 31
35 2 27
1 34 33
142
38
1 2 3
0 35 37
0 34 36
0 32 33
26 27 23
24 25 27
12 13 31
8 19 21
16 17 7
18 11 20
11 22 15
9 10 14
29 6 15
28 14 6
11 13 29
28 10 12
8 26 30
8 18 23
9 26 17
25 22 7
9 21 25
24 20 7
24 10 19
17 4 30
5 22 21
19 20 5
16 18 4
36 4 5
32 13 15
32 12 14
16 33 23
34 35 6
3 28 29
3 37 30
2 37 31
1 36 31
35 2 27
1 34 33
143
38
1 2 3
0 35 37
0 34 36
0 32 33
5 6 31
4 21 22
24 4 23
9 13 14
9 11 12
8 25 7
25 26 15
8 17 14
8 18 13
17 12 7
11 20 7
10 27 23
26 28 23
24 11 13
12 21 29
20 30 22
24 19 14
18 5 30
19 5 29
16 6 15
17 20 6
9 10 37
16 33 10
33 28 15
16 27 36
32 18 22
32 19 21
34 35 4
3 29 30
27 26 3
2 37 31
1 36 31
2 35 28
1 34 25
144
38
1 2 3
0 33 36
0 32 37
0 34 35
24 25 20
18 19 23
17 11 25
13 22 21
9 12 21
8 10 22
9 13 23
24 12 6
8 11 13
10 12 7
16 19 29
16 18 31
30 14 15
28 20 6
29 5 15
5 14 31
17 27 4
8 30 7
9 27 7
10 26 5
28 11 4
26 4 6
32 25 23
33 20 22
24 17 33
18 35 14
16 34 21
32 19 15
2 26 31
1 27 28
3 37 30
3 36 29
1 35 37
2 36 34
145
38
1 2 3
0 32 33
0 36 37
0 34 35
9 5 7
18 4 6
17 10 5
8 4 14
15 12 7
12 4 13
16 11 6
10 19 23
8 9 22
9 14 23
13 22 7
8 16 21
10 20 15
25 27 6
24 26 5
11 20 21
16 19 28
19 30 15
12 30 14
11 28 13
18 27 29
17 26 29
25 18 31
24 17 31
32 20 23
24 25 35
34 21 22
33 26 27
1 28 36
1 37 31
3 37 30
3 36 29
32 2 35
33 2 34
146
38
1 2 3
0 32 33
0 35 37
0 34 36
5 6 21
17 18 4
16 4 15
8 9 10
29 14 7
13 30 7
19 11 7
17 10 12
18 11 28
9 14 15
8 16 13
13 6 29
30 14 6
11 20 5
19 12 5
25 10 18
24 17 28
4 22 23
25 27 21
24 26 21
27 20 23
26 19 22
25 33 23
24 33 22
32 20 12
8 36 15
16 9 37
32 34 35
1 28 31
1 26 27
3 37 31
2 36 31
35 3 29
2 34 30
147
38
1 2 3
0 32 33
0 36 37
0 34 35
17 5 6
16 10 4
9 4 7
11 13 6
9 18 13
8 12 6
5 14 15
12 14 7
9 11 23
8 23 7
10 11 22
10 19 21
25 27 5
24 26 4
8 20 21
20 22 15
18 19 28
18 30 15
19 30 14
28 12 13
17 27 29
16 26 29
17 31 25
16 24 31
32 20 23
24 25 35
34 21 22
33 26 27
1 28 36
1 37 31
3 37 30
3 36 29
32 2 35
33 2 34
148
38
1 2 3
0 34 35
0 32 37
0 33 36
5 6 31
25 26 4
24 4 23
8 9 16
15 14 7
12 13 7
27 13 14
28 12 14
27 9 11
9 10 28
8 10 11
8 18 21
17 19 7
16 29 23
26 22 15
16 24 22
26 21 30
25 20 15
25 18 19
17 30 6
19 29 6
5 22 21
18 20 5
10 35 12
32 11 13
24 17 33
33 20 23
32 34 4
2 28 31
3 29 30
1 37 31
1 27 36
35 3 37
2 36 34
149
38
1 2 3
0 34 35
0 32 37
0 33 36
5 6 31
26 4 23
24 25 4
8 20 30
9 21 7
8 10 11
9 14 17
16 9 15
16 17 27
17 28 15
10 19 18
27 11 13
28 11 12
10 12 13
26 22 14
20 14 23
26 19 7
8 25 29
24 18 23
19 5 22
22 6 29
30 21 6
18 20 5
35 12 15
16 32 13
24 33 21
25 33 7
32 34 4
2 28 31
3 29 30
1 37 31
1 27 36
35 3 37
2 36 34
150
38
1 2 3
0 34 35
0 32 37
0 33 36
23 13 15
17 11 14
10 12 14
8 17 10
11 20 7
18 19 13
16 6 7
8 16 5
22 21 6
9 4 31
30 5 6
20 4 29
25 10 11
25 5 7
9 27 22
9 26 21
8 24 15
27 19 12
18 12 26
24 28 4
34 20 23
16 17 35
33 19 22
32 18 21
35 29 23
34 28 15
33 37 14
32 36 13
2 27 31
26 3 30
24 1 29
1 28 25
3 37 31
2 36 30
151
38
1 2 3
0 33 36
0 34 35
0 32 37
9 5 7
10 4 6
8 12 5
8 11 4
19 6 7
17 4 13
19 11 5
10 18 7
24 22 6
16 9 21
25 18 23
16 17 20
31 13 15
9 27 15
11 30 14
8 10 26
26 21 15
27 20 13
25 12 29
24 29 14
28 12 23
28 22 14
32 19 20
17 21 33
24 25 35
32 22 23
33 18 31
16 34 30
26 3 29
1 27 30
2 37 31
36 2 28
1 35 37
34 3 36
152
38
1 2 3
0 33 36
0 34 35
0 32 37
5 6 13
11 4 7
12 10 4
8 9 5
19 15 7
20 14 7
17 11 6
10 18 5
22 21 6
17 18 4
16 9 19
8 16 20
26 14 15
10 26 13
27 11 13
8 14 31
9 30 15
25 12 29
24 28 12
24 25 27
29 22 23
28 21 23
16 17 32
33 18 23
25 35 22
24 32 21
33 20 31
34 19 30
26 3 29
1 27 30
2 37 31
36 2 28
1 35 37
34 3 36
153
38
1 2 3
0 34 37
0 35 36
0 32 33
16 12 7
17 13 6
19 5 15
18 4 14
9 12 20
8 13 21
11 22 15
10 14 23
8 28 4
9 5 29
11 30 7
10 6 31
24 20 4
27 5 21
26 23 7
25 22 6
8 16 34
9 35 17
10 19 36
18 11 37
16 32 28
33 19 31
33 18 30
32 17 29
24 34 12
35 27 13
26 37 14
25 36 15
24 27 3
25 26 3
1 20 28
2 21 29
2 22 31
1 30 23
154
38
1 2 3
0 35 37
0 34 36
0 32 33
24 26 27
25 27 23
8 31 7
17 18 6
19 20 6
22 13 14
16 21 15
16 20 29
19 14 15
9 28 17
9 18 12
20 10 12
19 10 11
29 13 7
28 14 7
8 16 12
8 11 15
10 26 22
9 21 25
26 5 30
25 4 30
24 5 22
4 21 23
36 4 5
32 18 13
32 17 11
24 33 23
34 35 6
3 28 29
3 37 30
2 37 31
1 36 31
35 2 27
1 34 33
155
38
1 2 3
0 32 37
0 33 35
0 34 36
8 9 15
14 6 7
9 10 5
8 11 5
10 4 7
11 4 6
8 20 6
9 21 7
16 13 23
17 12 22
23 5 15
4 22 14
28 12 30
31 13 29
25 27 21
24 26 20
10 19 37
18 11 37
32 13 15
32 12 14
27 34 19
18 34 26
25 19 33
24 33 18
16 36 31
17 36 30
16 35 29
17 35 28
1 22 23
2 27 26
24 25 3
2 30 31
3 28 29
1 20 21
156
38
1 2 3
0 32 37
0 34 35
0 33 36
5 30 29
28 4 14
27 19 31
18 26 31
9 10 14
8 16 12
8 17 11
16 10 15
9 17 15
28 20 30
8 5 21
11 12 21
9 11 22
10 12 23
27 23 7
26 22 6
24 13 29
24 14 15
16 25 19
17 18 25
32 20 21
32 22 23
34 19 7
18 34 6
33 5 13
20 4 33
36 4 13
35 6 7
24 1 25
3 28 29
2 27 26
2 37 31
3 37 30
1 35 36
157
38
1 2 3
0 35 37
0 34 36
0 32 33
26 27 23
24 25 27
8 19 7
18 6 15
16 17 6
20 13 14
11 12 31
10 29 15
16 10 28
9 18 22
9 21 17
11 28 7
8 12 29
8 22 14
21 13 7
26 20 6
9 19 23
24 18 14
24 17 13
20 4 30
5 22 21
26 5 30
25 19 4
36 4 5
32 12 15
16 32 11
25 33 23
10 35 34
3 28 29
3 37 30
2 37 31
1 36 31
35 2 27
1 34 33
158
38
1 2 3
0 35 37
0 34 36
0 32 33
24 26 27
25 27 23
8 31 7
20 29 6
18 19 6
10 20 18
9 21 22
16 19 15
17 19 14
28 14 15
16 12 13
17 11 13
11 21 14
12 22 15
8 9 29
8 11 12
9 28 7
16 10 26
17 10 25
26 5 30
25 4 30
24 5 22
4 21 23
36 4 5
32 20 13
32 18 7
24 33 23
34 35 6
3 28 29
3 37 30
2 37 31
1 36 31
35 2 27
1 34 33
159
38
1 2 3
0 35 37
0 34 36
0 32 33
5 6 31
4 29 30
24 4 23
11 13 15
9 10 25
8 27 14
8 17 13
17 12 7
16 11 14
16 10 7
9 26 12
19 28 7
20 12 13
10 11 20
25 19 22
24 18 15
16 17 23
24 28 22
18 21 23
20 22 6
19 21 6
8 18 37
33 30 14
32 9 29
36 21 15
33 27 5
32 26 5
34 35 4
27 3 30
26 3 29
2 37 31
1 36 31
2 35 28
1 34 25
160
38
1 2 3
0 35 37
0 34 36
0 32 33
5 6 31
4 29 30
24 4 23
9 27 14
9 13 25
8 26 7
16 12 14
12 13 15
17 10 11
8 16 11
10 15 7
11 20 14
10 20 13
18 19 12
17 22 25
24 17 28
16 23 15
28 22 23
24 18 21
20 21 6
19 22 6
8 18 37
9 30 33
32 29 7
19 36 21
33 27 5
32 26 5
34 35 4
27 3 30
26 3 29
2 37 31
1 36 31
2 35 28
1 34 25
161
38
1 2 3
0 32 36
0 33 37
0 34 35
17 5 6
16 4 7
8 10 4
9 11 5
9 12 6
8 13 7
13 6 15
12 14 7
8 11 23
9 10 23
19 11 22
10 18 21
25 27 5
24 26 4
20 22 15
20 21 14
18 19 28
31 19 15
18 14 31
28 12 13
17 27 29
16 26 29
17 30 25
16 24 30
32 20 23
24 25 33
35 26 27
34 21 22
1 28 33
32 2 29
3 37 31
3 36 30
1 35 37
2 36 34
162
38
1 2 3
0 33 36
0 34 35
0 32 37
5 6 31
26 4 30
25 4 29
8 9 28
17 19 7
16 18 7
27 12 14
27 13 15
10 13 21
20 11 12
10 20 18
19 11 21
9 19 22
8 18 22
9 14 17
8 16 15
24 13 14
24 12 15
16 17 23
25 28 22
26 20 21
30 6 23
24 5 29
35 10 11
32 23 7
33 26 6
25 34 5
32 33 4
3 28 31
1 29 31
2 37 30
2 27 36
1 35 37
34 3 36
163
38
1 2 3
0 34 35
0 33 36
0 32 37
23 11 7
16 14 6
9 5 17
8 17 4
16 9 7
8 18 6
11 12 15
10 4 13
10 21 22
19 11 20
5 30 31
10 18 29
8 25 5
25 6 7
24 9 15
26 13 22
27 13 21
20 26 12
27 19 12
24 28 4
18 34 23
16 17 35
32 19 21
33 20 22
35 29 23
34 28 15
33 37 14
32 36 14
26 3 31
2 27 30
24 1 29
1 28 25
2 37 31
3 36 30
164
38
1 2 3
0 32 37
0 34 36
0 33 35
30 22 23
24 21 30
9 11 31
8 19 20
9 28 7
8 29 6
25 11 29
10 28 6
16 26 15
16 17 27
18 27 15
17 12 14
18 12 13
21 13 15
16 22 14
24 22 7
23 21 7
17 20 5
18 19 4
24 20 4
19 5 23
32 10 26
25 34 12
34 13 14
8 33 11
9 10 33
35 4 5
32 36 6
1 31 25
3 28 29
2 27 26
3 37 30
2 37 31
1 35 36
165
38
1 2 3
0 32 33
0 35 37
0 34 36
25 5 31
4 6 7
24 5 30
5 22 23
24 11 22
21 14 29
20 13 29
8 16 23
25 13 14
10 12 21
9 12 20
16 27 22
19 11 15
18 28 26
17 19 21
16 18 20
10 19 14
9 18 13
8 15 7
27 11 7
8 28 6
12 4 37
17 30 33
33 23 15
24 17 32
9 10 36
32 26 6
34 35 4
1 28 30
1 26 27
3 37 31
2 36 31
35 3 29
25 2 34
166
38
1 2 3
0 35 37
0 34 36
0 32 33
24 26 27
25 27 23
8 31 7
18 20 6
17 19 6
10 12 29
9 11 15
10 22 14
9 28 13
18 12 14
11 20 13
17 10 28
18 19 21
8 29 15
16 13 7
8 16 20
19 14 7
16 26 22
25 11 21
26 5 30
25 4 30
24 5 22
4 21 23
36 4 5
32 12 15
32 9 17
24 33 23
34 35 6
3 28 29
3 37 30
2 37 31
1 36 31
35 2 27
1 34 33
167
38
1 2 3
0 32 37
0 33 35
0 34 36
31 5 23
4 6 7
30 5 22
20 5 21
9 20 22
8 10 11
9 26 19
9 18 17
24 17 25
16 18 29
17 29 15
16 28 14
27 13 15
11 12 14
11 28 13
25 10 21
8 30 7
19 22 7
8 21 6
27 4 37
33 26 12
35 19 12
24 10 35
16 32 23
18 34 15
34 13 14
33 20 6
32 36 4
1 27 31
24 2 30
3 28 29
25 2 26
3 37 31
1 36 23
168
38
1 2 3
0 32 33
0 34 37
0 35 36
16 11 12
15 6 7
9 5 13
8 5 14
10 13 7
10 14 6
8 9 12
23 4 15
10 4 22
8 20 6
9 21 7
11 5 22
24 25 4
26 27 23
21 30 31
28 20 29
33 19 13
33 18 14
32 12 15
32 17 11
16 27 37
16 26 36
17 37 25
24 17 36
34 19 31
35 19 30
18 34 29
18 35 28
1 22 23
1 20 21
2 28 30
3 29 31
27 25 3
24 2 26
169
38
1 2 3
0 35 37
0 34 36
0 32 33
8 25 7
24 30 23
30 21 22
20 4 29
28 19 4
11 13 23
24 12 14
16 9 14
16 10 13
9 12 15
10 11 15
17 13 14
18 11 12
26 21 15
16 27 22
8 24 29
23 28 7
17 27 6
18 26 6
9 20 5
10 19 5
32 4 31
17 37 22
18 36 21
8 33 20
33 19 7
32 5 6
25 34 35
25 3 30
3 28 29
2 37 31
1 36 31
35 2 27
1 26 34
170
38
1 2 3
0 32 37
0 34 36
0 33 35
31 27 15
16 26 31
9 11 17
8 18 11
17 10 7
10 18 6
8 9 14
13 6 7
30 13 14
11 12 15
16 10 12
26 4 13
27 5 14
8 20 6
9 21 7
20 21 30
17 19 23
18 19 22
25 21 29
24 28 20
32 29 23
32 28 22
33 5 15
16 33 4
25 34 23
24 34 22
36 19 12
35 4 5
24 1 25
27 26 3
2 28 29
3 37 31
2 37 30
1 35 36
171
38
1 2 3
0 32 37
0 34 36
0 33 35
24 30 22
21 30 23
9 12 25
17 10 25
9 11 29
8 28 6
18 19 7
8 13 31
18 6 15
26 11 28
27 20 23
17 12 22
27 19 21
24 15 7
24 10 12
16 10 23
22 21 14
16 20 5
20 4 15
19 5 14
17 18 4
32 6 7
34 13 29
16 34 14
9 13 33
8 33 26
35 4 5
32 11 36
1 31 25
3 28 29
2 27 26
3 37 30
2 37 31
1 35 36
172
38
1 2 3
0 34 35
0 33 37
0 32 36
5 6 31
26 4 30
25 4 29
10 27 13
9 12 14
8 27 11
16 19 7
9 20 15
8 28 20
17 14 7
8 19 13
18 11 28
17 10 18
16 13 22
16 21 15
10 22 14
11 12 21
24 18 20
17 19 23
24 26 22
25 21 23
24 30 6
29 5 23
9 35 7
33 12 15
32 26 6
25 34 5
32 33 4
3 29 31
2 28 31
1 37 30
1 27 36
35 3 37
2 36 34
173
38
1 2 3
0 34 35
0 33 37
0 32 36
9 11 13
8 10 12
20 13 7
19 12 6
9 5 22
8 4 21
19 5 15
16 4 14
18 5 7
17 4 6
17 11 20
16 10 18
27 11 15
27 13 14
26 12 15
10 26 7
30 14 6
9 29 25
8 24 28
24 25 31
29 22 23
28 21 23
33 18 19
16 17 33
32 25 22
24 32 21
35 20 31
34 30 23
3 28 29
2 27 26
1 37 31
1 36 30
35 3 37
2 36 34
174
38
1 2 3
0 32 33
0 35 37
0 34 36
8 30 7
8 25 20
25 19 7
20 4 6
19 4 5
16 13 15
16 12 14
12 13 23
10 11 15
9 11 14
10 13 21
9 12 22
9 10 17
16 18 20
17 19 23
8 18 6
17 5 7
24 29 14
28 29 15
27 18 11
27 28 21
26 5 6
25 30 33
24 33 23
24 37 22
36 21 22
32 26 4
32 34 35
1 30 31
1 26 27
3 37 31
2 36 31
35 3 29
2 28 34
175
38
1 2 3
0 35 37
0 34 36
0 32 33
9 28 25
30 21 22
19 20 29
26 27 12
16 27 15
10 11 4
24 9 22
9 21 23
13 14 7
16 17 12
18 12 15
8 17 14
8 18 13
19 13 15
16 20 14
24 17 6
18 6 23
24 11 5
10 5 23
11 20 22
10 19 21
32 4 31
37 29 7
8 36 7
33 4 30
33 26 6
32 28 5
25 34 35
25 3 30
3 28 29
2 37 31
1 36 31
35 2 27
1 26 34
176
38
1 2 3
0 34 35
0 33 37
0 32 36
5 6 31
26 4 23
24 25 4
8 27 28
9 10 7
8 18 15
8 13 14
16 13 15
17 21 14
10 11 18
10 12 15
9 11 14
11 28 23
26 12 22
9 26 13
25 29 22
24 21 29
20 12 25
24 17 19
16 5 30
20 22 6
19 21 6
17 18 5
35 30 7
16 33 7
32 19 20
33 27 23
32 34 4
3 29 31
2 28 30
1 37 31
1 27 36
35 3 37
2 36 34
177
38
1 2 3
0 33 36
0 34 35
0 32 37
9 10 13
8 12 7
11 13 7
5 6 15
9 18 5
8 19 4
4 21 14
16 12 6
17 11 5
4 22 6
10 20 18
16 17 7
11 29 15
12 30 15
8 26 14
9 26 20
19 29 14
24 10 28
27 13 23
25 28 22
25 27 21
24 31 23
32 18 19
24 33 22
33 21 23
16 32 20
17 35 31
25 34 30
26 3 29
1 27 28
2 37 31
2 36 30
1 35 37
34 3 36
178
38
1 2 3
0 32 33
0 35 37
0 34 36
5 6 31
24 4 30
28 4 29
24 21 23
24 20 22
25 27 13
16 18 14
18 12 13
16 11 15
9 11 14
10 13 15
17 12 14
10 12 26
25 23 15
10 11 22
20 21 29
8 19 23
19 22 7
8 18 21
17 20 7
8 5 7
9 33 17
16 27 37
9 26 36
33 30 6
32 19 6
32 28 5
34 35 4
1 29 30
1 28 25
3 37 31
2 36 31
27 35 3
2 34 26
179
38
1 2 3
0 35 37
0 33 34
0 32 36
10 13 21
9 11 7
20 12 7
14 5 6
9 19 15
8 16 5
16 11 4
10 5 15
18 13 6
12 4 17
17 18 7
8 25 11
9 10 25
24 13 14
12 14 23
8 27 29
22 6 23
28 26 4
34 20 31
18 35 20
17 30 33
16 35 15
37 21 29
19 28 37
27 36 21
26 19 36
24 32 34
32 33 22
3 30 31
24 2 31
2 30 22
1 25 23
3 28 29
1 26 27
180
38
1 2 3
0 35 37
0 34 36
0 32 33
5 6 31
4 29 30
24 4 23
11 12 15
9 26 25
8 10 13
9 27 14
17 14 7
16 13 7
9 12 17
16 10 11
19 28 7
20 12 14
11 20 13
25 19 22
24 18 15
16 17 23
24 28 22
18 21 23
20 22 6
19 21 6
8 18 37
8 33 30
32 10 29
36 21 15
33 27 5
32 26 5
34 35 4
27 3 30
26 3 29
2 37 31
1 36 31
2 35 28
1 34 25
181
38
1 2 3
0 35 36
0 32 37
0 33 34
9 12 5
10 11 4
9 10 7
8 11 6
17 13 7
16 4 6
17 5 6
16 5 7
19 4 15
8 18 14
24 13 21
20 12 25
9 11 23
8 10 22
25 19 13
24 18 12
27 29 15
26 28 14
17 34 31
16 33 30
35 19 14
18 35 15
37 21 29
28 20 37
27 36 21
36 26 20
32 34 23
32 33 22
2 30 31
31 3 23
3 30 22
24 1 25
1 28 29
2 27 26
182
38
1 2 3
0 32 37
0 33 36
0 34 35
31 22 23
30 14 7
9 15 7
8 5 6
12 13 7
10 11 6
16 9 13
9 12 17
8 16 11
8 17 10
20 5 21
18 19 6
24 10 12
25 11 13
27 21 15
26 20 15
27 19 14
18 26 14
25 4 28
24 4 29
16 35 23
17 34 22
33 19 21
32 18 20
35 29 22
34 28 23
33 5 37
32 36 4
1 27 31
2 26 30
25 3 29
24 3 28
2 37 31
1 36 30
183
38
1 2 3
0 32 37
0 33 36
0 34 35
5 6 31
25 4 29
24 4 23
8 9 29
28 22 7
25 30 7
19 21 22
18 20 22
16 24 27
24 14 15
27 13 23
26 13 21
20 12 23
18 19 26
17 11 21
17 10 20
16 19 11
10 18 15
8 10 11
16 14 6
12 13 6
9 28 5
32 17 15
33 12 14
8 25 34
34 5 7
32 9 36
33 35 4
1 26 30
2 27 31
3 28 29
3 37 31
2 37 30
1 35 36
184
38
1 2 3
0 32 37
0 33 35
0 34 36
31 5 23
4 6 7
30 5 22
20 5 21
9 20 22
8 10 11
9 18 29
9 19 17
13 14 29
27 19 12
28 18 12
16 26 19
25 21 15
24 25 11
10 27 14
11 13 15
8 30 7
16 22 7
8 21 6
28 4 37
17 26 33
16 17 35
24 35 15
18 34 13
32 14 23
10 12 34
33 20 6
32 36 4
1 28 31
24 2 30
27 3 29
25 2 26
3 37 31
1 36 23
185
38
1 2 3
0 32 37
0 34 35
0 33 36
31 5 23
24 25 4
8 23 7
19 22 6
20 21 6
10 11 15
9 13 17
16 9 12
17 11 30
16 10 29
26 22 15
9 19 14
11 20 13
20 10 12
26 19 21
18 15 7
8 16 17
8 18 22
21 14 7
4 37 6
35 28 5
34 27 5
33 18 14
25 35 30
24 34 29
32 28 13
33 27 12
32 36 4
1 29 31
26 3 30
25 2 28
24 2 27
3 37 31
1 36 23
186
38
1 2 3
0 32 36
0 33 37
0 34 35
16 11 12
9 10 12
9 11 7
8 17 6
13 14 7
16 5 6
11 5 15
10 4 6
20 4 5
8 23 15
8 18 22
10 13 21
9 4 22
26 27 7
21 14 23
24 25 20
28 19 12
18 28 15
16 14 31
18 13 31
27 19 29
26 19 30
17 29 25
24 17 30
32 20 21
24 33 26
25 27 35
34 22 23
1 28 33
32 2 29
3 37 31
3 36 30
1 35 37
2 36 34
187
38
1 2 3
0 35 37
0 34 36
0 32 33
5 6 31
24 4 30
4 29 23
19 21 22
18 20 22
25 11 13
27 13 14
9 12 14
16 27 11
16 9 10
10 11 15
26 21 14
20 12 13
18 19 26
8 17 21
17 20 7
8 16 19
18 15 7
8 24 7
28 30 6
5 22 29
9 28 33
17 37 15
33 10 12
25 36 23
24 32 6
32 5 23
34 35 4
3 29 30
27 25 3
2 37 31
1 36 31
2 35 28
1 26 34
188
38
1 2 3
0 34 35
0 33 36
0 32 37
31 30 23
16 12 15
16 13 14
8 9 22
17 12 7
18 13 7
11 20 14
10 19 15
8 19 5
9 20 6
10 18 6
17 11 5
5 6 21
8 25 15
24 9 14
25 11 12
24 10 13
16 29 22
28 21 7
26 27 4
33 18 20
32 17 19
35 29 23
34 28 23
35 27 22
26 34 21
33 4 37
32 36 4
25 3 31
24 2 30
1 27 29
1 26 28
2 37 31
3 36 30
189
38
1 2 3
0 34 35
0 32 37
0 33 36
8 24 7
16 19 14
19 13 15
9 11 4
12 10 4
10 23 7
8 9 22
15 22 7
8 16 23
16 21 6
21 5 15
11 14 6
12 5 13
25 20 28
24 27 20
26 5 6
17 18 31
30 13 14
10 11 29
9 12 29
28 18 4
17 26 27
32 25 19
25 18 34
24 17 33
32 22 23
35 21 31
33 20 30
2 26 29
3 28 31
1 27 37
1 36 30
35 3 37
2 36 34
190
38
1 2 3
0 32 37
0 34 36
0 33 35
11 5 7
9 10 4
8 9 7
4 6 15
13 6 31
14 5 6
12 5 15
4 13 14
17 10 22
8 25 11
24 9 11
10 23 7
20 21 30
18 19 12
17 27 23
24 17 26
16 25 29
16 28 22
12 21 29
18 26 15
27 19 14
28 20 13
34 19 23
24 18 34
25 21 33
33 20 22
16 32 36
8 32 35
1 30 31
3 28 29
2 27 26
3 37 31
2 37 30
1 35 36
191
38
1 2 3
0 35 36
0 32 37
0 33 34
5 6 7
9 4 13
8 12 4
10 4 14
11 13 6
11 12 5
16 21 7
8 9 17
9 18 6
8 19 5
17 15 7
16 20 14
10 23 15
11 14 23
19 12 29
18 13 22
26 28 15
25 10 27
33 19 30
16 17 35
34 29 31
28 21 37
27 20 37
26 36 21
25 20 36
24 18 35
32 34 22
24 32 33
2 30 31
3 22 31
24 3 30
1 29 23
1 27 28
25 2 26
192
38
1 2 3
0 34 35
0 33 37
0 32 36
5 6 31
26 27 4
24 25 4
8 9 28
17 15 7
16 14 7
19 12 13
18 12 22
10 11 20
16 10 18
9 30 17
8 16 30
9 13 15
8 19 14
26 11 13
17 10 26
24 12 21
25 20 29
25 11 23
24 29 22
20 6 23
22 21 6
18 19 5
35 28 5
33 27 7
32 21 23
33 14 15
32 34 4
3 29 31
2 28 30
1 37 31
1 27 36
35 3 37
2 36 34
193
38
1 2 3
0 34 35
0 33 37
0 32 36
28 5 31
4 6 7
24 26 5
25 5 23
9 10 20
8 17 19
8 16 15
27 12 15
16 17 11
17 14 15
16 13 29
10 11 13
10 12 14
9 12 13
19 28 22
9 18 21
8 21 22
26 19 20
25 18 20
26 30 7
25 30 6
24 22 7
21 6 23
35 11 29
33 18 4
33 27 14
24 32 23
32 34 4
3 30 31
2 28 29
1 37 31
1 27 36
35 3 37
2 36 34
194
38
1 2 3
0 32 37
0 34 36
0 33 35
24 21 30
30 22 23
16 20 7
8 28 6
15 29 7
17 10 27
9 18 11
10 19 13
25 18 13
17 11 12
26 28 15
8 14 31
24 19 6
9 13 22
10 12 22
16 11 21
21 6 23
20 19 4
17 18 5
24 20 5
16 4 23
32 27 12
34 29 14
9 34 25
33 14 7
8 33 26
35 4 5
32 36 15
1 31 25
3 28 29
2 27 26
3 37 30
2 37 31
1 35 36
195
38
1 2 3
0 33 36
0 32 37
0 34 35
5 6 7
11 4 14
9 4 12
8 4 13
9 11 7
8 10 6
9 20 15
8 5 21
22 13 6
16 12 7
16 19 5
17 10 18
13 14 31
28 22 15
27 21 15
26 14 23
24 10 29
18 11 28
17 27 12
25 19 29
25 26 20
24 30 23
24 32 19
33 18 22
17 21 33
32 20 23
25 35 31
16 34 30
2 26 29
1 27 28
3 37 31
3 36 30
1 35 37
2 36 34
196
38
1 2 3
0 33 37
0 34 35
0 32 36
11 13 15
10 12 14
8 17 15
9 14 17
9 20 6
8 16 7
18 5 13
12 18 4
19 11 5
10 19 4
20 5 7
16 4 6
9 31 15
31 6 7
10 11 29
28 12 13
8 30 14
25 26 23
24 27 23
30 21 22
26 29 22
27 28 21
24 33 21
25 35 22
32 25 19
24 18 34
33 20 23
16 17 32
3 28 31
1 26 30
2 29 37
2 27 36
35 3 37
1 34 36
197
38
1 2 3
0 35 37
0 34 36
0 32 33
25 26 31
24 26 23
20 30 22
19 21 30
24 9 27
8 10 11
16 9 15
9 14 17
16 28 14
17 28 15
11 12 15
10 13 14
10 12 21
11 13 22
27 19 20
18 22 7
18 21 6
16 20 7
17 19 6
31 5 29
8 25 5
24 4 29
36 4 5
8 18 34
35 12 13
25 33 23
32 6 7
32 4 23
3 30 31
3 29 37
2 27 37
1 28 36
2 35 26
1 34 33
198
38
1 2 3
0 34 35
0 33 37
0 32 36
24 25 13
25 12 23
9 22 7
8 21 6
23 11 7
10 19 6
9 13 21
8 20 12
24 11 5
10 4 22
19 28 15
16 27 14
17 29 15
16 18 28
17 27 20
9 26 14
18 11 29
10 31 7
13 6 31
8 5 30
12 4 30
26 4 5
25 34 19
18 35 15
17 14 33
16 33 20
24 32 23
32 21 22
3 30 31
2 28 29
1 26 37
1 27 36
35 3 37
2 36 34
199
38
1 2 3
0 32 37
0 35 36
0 33 34
31 5 23
24 25 4
8 23 7
20 21 6
19 22 6
10 29 30
9 13 14
26 14 15
16 26 13
10 12 15
16 10 11
19 11 13
20 12 14
28 20 22
19 28 21
8 18 15
16 17 7
18 22 7
8 17 21
4 37 6
34 27 5
33 5 30
35 11 12
24 33 29
32 17 18
9 27 35
9 34 25
32 36 4
1 28 31
27 25 3
24 3 30
2 26 29
2 37 31
1 36 23
200
38
1 2 3
0 34 35
0 32 37
0 33 36
5 6 31
24 26 4
25 4 23
18 20 29
17 19 29
11 28 22
28 12 21
9 12 13
10 11 14
11 21 15
16 12 22
16 20 13
19 14 15
8 27 20
27 19 7
8 16 18
17 15 7
10 26 13
9 14 25
26 30 6
25 5 30
24 22 6
23 5 21
17 18 35
9 10 33
8 32 7
24 33 23
32 34 4
2 29 31
3 28 30
1 37 31
1 27 36
35 3 37
2 36 34
201
38
1 2 3
0 32 33
0 35 37
0 34 36
8 30 7
8 25 20
25 19 7
20 4 6
19 4 5
16 23 15
16 13 14
21 14 15
13 22 15
10 12 21
10 11 22
9 11 12
9 10 17
16 18 20
17 19 23
8 18 6
17 5 7
11 28 13
12 29 14
9 18 27
27 28 29
26 5 6
25 30 33
24 33 23
24 21 37
24 36 22
32 26 4
32 34 35
1 30 31
1 26 27
3 37 31
2 36 31
35 3 29
2 28 34
202
38
1 2 3
0 33 36
0 32 37
0 34 35
12 5 15
9 4 13
11 13 7
9 12 6
10 11 20
20 5 7
8 16 14
8 17 6
19 4 7
19 5 6
17 10 18
16 18 4
10 31 15
11 14 31
29 14 15
28 12 13
8 9 30
25 27 23
24 26 23
30 21 22
27 29 22
26 28 21
25 22 33
24 33 21
25 19 35
24 32 18
34 20 23
16 17 32
2 29 31
1 26 27
3 37 30
36 3 28
1 35 37
2 36 34
203
38
1 2 3
0 34 35
0 32 37
0 33 36
24 21 14
24 13 22
9 20 7
10 19 6
17 18 11
12 22 6
11 21 7
8 10 14
9 18 13
20 12 5
19 11 4
16 25 28
23 29 15
8 28 23
8 12 29
31 14 7
30 13 6
10 4 31
9 5 30
16 17 27
26 4 5
26 27 15
24 25 35
25 33 23
17 34 15
16 33 18
32 20 22
32 19 21
2 30 31
27 3 29
1 28 37
1 26 36
35 3 37
2 36 34
204
38
1 2 3
0 35 37
0 34 36
0 32 33
24 26 27
25 27 23
31 21 7
10 11 6
16 19 22
18 20 22
16 14 7
15 12 7
16 11 13
12 21 14
10 13 15
17 11 14
8 10 12
18 28 15
9 29 17
8 20 29
9 19 28
26 13 6
8 9 25
26 5 30
25 4 30
24 5 22
4 21 23
36 4 5
32 17 20
32 18 19
24 33 23
34 35 6
3 28 29
3 37 30
2 37 31
1 36 31
35 2 27
1 34 33
205
38
1 2 3
0 34 35
0 33 37
0 32 36
10 11 13
10 14 6
9 11 5
8 18 15
20 12 7
19 13 6
19 4 5
4 21 6
8 17 14
16 9 4
18 12 5
16 17 7
26 13 15
12 29 15
29 14 7
9 10 26
8 24 31
27 11 23
25 30 23
28 21 22
25 20 28
24 27 22
16 34 19
25 21 33
24 33 23
32 17 18
35 22 31
32 20 30
3 29 31
2 27 28
1 26 37
1 36 30
35 3 37
2 36 34
206
38
1 2 3
0 35 37
0 34 36
0 32 33
26 27 23
24 25 27
18 22 7
8 28 6
9 29 7
8 12 31
16 13 30
19 30 14
9 28 13
10 12 29
11 20 15
17 21 14
17 10 20
16 19 15
26 21 6
24 17 11
16 24 14
18 23 15
25 6 23
4 21 22
19 20 5
26 5 22
25 18 4
36 4 5
32 12 7
8 32 13
33 10 11
9 34 35
3 28 29
3 37 30
2 37 31
1 36 31
35 2 27
1 34 33
207
38
1 2 3
0 34 35
0 33 37
0 32 36
10 12 14
9 14 6
10 5 13
8 18 15
11 21 7
19 12 5
19 4 6
8 17 13
16 9 4
18 11 6
20 4 5
16 17 7
31 12 15
11 29 15
29 13 7
9 10 30
26 14 23
8 27 22
24 28 21
25 20 28
25 26 22
24 27 23
24 35 20
25 21 33
33 22 23
32 17 18
32 19 31
16 34 30
3 29 30
2 27 28
1 37 31
1 26 36
35 3 37
2 36 34
208
38
1 2 3
0 33 36
0 32 37
0 34 35
25 5 6
24 4 14
4 22 23
8 9 14
21 13 7
11 12 7
17 12 20
9 18 21
9 10 13
8 18 12
5 22 7
16 27 19
31 20 15
10 19 31
11 13 29
17 30 15
16 10 30
8 26 11
28 14 6
24 29 6
28 5 23
26 27 4
25 34 21
32 25 15
24 33 22
33 18 23
35 19 20
16 17 32
2 27 31
1 28 29
26 3 37
3 36 30
1 35 37
2 36 34
209
38
1 2 3
0 35 37
0 34 36
0 32 33
24 26 27
25 27 23
8 31 7
19 21 6
18 20 6
28 13 14
16 28 12
12 13 29
10 11 14
16 9 11
9 12 15
20 22 14
10 13 21
18 19 22
8 17 21
17 20 7
8 19 15
16 18 7
17 25 15
26 5 30
25 4 30
24 5 22
4 29 23
36 4 5
32 9 10
32 26 11
24 33 23
34 35 6
3 28 29
3 37 30
2 37 31
1 36 31
35 2 27
1 34 33
210
38
1 2 3
0 34 35
0 33 37
0 32 36
10 12 14
9 14 6
10 5 13
8 18 15
11 21 7
19 12 5
19 4 6
8 17 13
16 9 4
18 11 6
20 4 5
16 17 7
31 12 15
11 29 15
29 13 7
9 10 30
24 28 14
8 26 22
27 21 23
25 28 22
25 27 20
24 26 23
25 35 21
24 33 22
33 20 23
32 17 18
32 19 31
16 34 30
3 29 30
2 27 28
1 37 31
1 26 36
35 3 37
2 36 34
211
38
1 2 3
0 35 37
0 34 36
0 32 33
26 27 23
24 25 27
15 30 7
16 6 31
10 11 21
10 20 22
8 9 15
8 18 14
17 19 13
18 12 29
17 11 29
10 28 6
23 28 7
26 12 14
26 11 13
24 20 12
9 19 25
8 25 22
24 9 21
16 4 30
19 5 22
20 5 21
17 18 4
36 4 5
16 32 15
33 13 14
32 6 23
34 35 7
3 28 30
3 29 37
2 37 31
1 36 31
35 2 27
1 34 33
212
38
1 2 3
0 32 33
0 35 37
0 34 36
28 5 6
20 19 4
17 18 4
10 12 13
9 12 14
8 11 13
11 14 7
9 10 20
8 19 7
9 15 7
8 16 10
18 13 30
18 29 14
30 29 6
16 6 15
24 12 5
25 11 5
28 22 23
24 27 21
25 26 21
26 19 22
27 20 23
24 33 23
25 22 33
32 4 21
16 17 37
17 36 15
32 34 35
1 28 31
1 26 27
3 37 31
2 36 31
35 3 30
2 34 29
213
38
1 2 3
0 32 37
0 33 34
0 35 36
5 6 31
4 30 22
4 21 29
8 9 18
16 14 7
15 13 7
16 28 12
23 12 15
27 10 11
16 9 17
8 17 15
9 11 14
8 10 13
19 13 14
19 20 7
17 18 22
18 21 23
20 30 6
19 5 29
11 20 37
26 28 34
33 26 27
24 25 32
25 34 12
24 33 10
35 22 6
35 5 21
32 36 4
1 26 31
25 2 28
24 2 27
3 29 30
3 37 31
1 36 23
214
38
1 2 3
0 32 33
0 35 37
0 34 36
8 30 7
25 11 12
25 28 29
24 9 4
10 4 23
23 11 7
8 24 12
9 5 14
10 5 13
16 12 14
11 13 15
19 20 14
17 18 13
16 20 21
16 19 22
18 21 15
17 22 15
17 19 28
18 20 29
8 9 27
10 27 7
26 5 6
25 30 33
24 33 23
21 6 37
36 22 6
32 26 4
32 34 35
1 30 31
1 26 27
3 37 31
2 36 31
35 3 29
2 28 34
215
38
1 2 3
0 34 35
0 33 37
0 32 36
5 6 31
24 4 30
25 26 4
8 9 30
26 23 7
25 22 7
29 14 15
16 13 29
28 13 14
11 12 15
16 10 12
17 10 13
18 11 14
18 21 15
16 17 20
24 20 21
18 19 23
17 19 22
9 26 21
8 25 20
27 19 5
9 6 23
8 22 6
24 35 28
33 27 12
33 10 11
32 5 7
32 34 4
3 30 31
2 28 29
1 37 31
1 27 36
35 3 37
2 36 34
216
38
1 2 3
0 36 37
0 32 35
0 33 34
5 6 31
28 4 30
27 4 29
17 11 13
16 19 12
18 12 15
11 20 14
10 29 7
8 9 30
23 20 7
17 10 25
9 26 19
8 24 18
21 14 7
16 9 22
8 22 15
10 13 21
17 35 20
18 19 34
24 36 13
16 37 23
26 37 14
25 36 15
33 28 6
32 27 5
35 11 6
34 12 5
32 33 4
2 28 31
27 3 31
3 30 22
2 21 29
1 26 23
24 1 25
217
38
1 2 3
0 32 37
0 33 35
0 34 36
8 14 6
9 15 7
9 11 4
8 11 5
10 4 7
10 5 6
8 9 23
22 6 7
16 13 23
17 12 22
4 21 15
20 5 14
28 12 30
31 13 29
25 27 21
24 26 20
19 37 15
18 37 14
32 11 13
32 10 12
27 34 19
18 34 26
25 19 33
24 33 18
16 36 31
17 36 30
16 35 29
17 35 28
1 22 23
2 27 26
24 25 3
2 30 31
3 28 29
1 20 21
218
38
1 2 3
0 32 33
0 35 37
0 34 36
12 13 14
16 9 15
8 17 15
8 9 14
16 6 7
17 5 7
25 11 21
24 10 20
26 19 4
18 27 4
4 22 7
22 5 6
8 24 5
9 6 25
26 13 23
27 12 23
11 30 31
10 28 29
32 14 15
32 18 19
16 33 11
17 10 33
36 18 12
19 13 37
35 21 31
34 21 30
35 20 29
28 34 20
1 22 23
24 1 25
3 29 31
2 28 30
26 3 37
2 27 36
219
38
1 2 3
0 34 35
0 32 37
0 33 36
8 24 7
16 19 13
19 14 15
12 4 15
16 4 14
12 21 23
11 13 23
10 21 22
9 22 7
10 5 14
8 13 6
16 6 7
8 5 15
25 20 28
24 27 20
26 5 6
17 18 31
9 11 30
11 12 29
9 10 29
28 18 4
17 26 27
32 25 19
25 18 34
24 17 33
32 22 23
35 21 31
33 20 30
2 26 29
3 28 31
1 27 37
1 36 30
35 3 37
2 36 34
220
38
1 2 3
0 32 33
0 35 37
0 34 36
25 5 31
4 6 7
24 5 30
29 5 23
27 11 13
10 12 13
9 26 27
8 26 12
9 11 25
8 9 18
28 19 20
16 18 19
17 20 15
16 28 22
21 13 15
22 14 15
16 21 14
24 18 20
17 19 23
30 22 7
21 6 29
12 4 37
32 10 11
8 10 36
32 17 14
24 33 7
33 6 23
34 35 4
1 26 28
1 29 30
3 37 31
2 36 31
27 35 3
25 2 34
221
38
1 2 3
0 35 37
0 34 36
0 32 33
24 26 27
25 27 23
18 20 29
17 19 29
9 11 15
8 12 13
11 13 14
8 10 22
9 22 14
9 10 21
20 10 12
8 19 21
17 18 28
16 20 7
16 19 6
18 15 7
17 14 6
26 13 15
25 11 12
26 5 30
25 4 30
24 5 22
4 21 23
36 4 5
16 32 31
32 6 7
24 33 23
34 35 28
3 28 29
3 37 30
2 37 31
1 36 31
35 2 27
1 34 33
222
38
1 2 3
0 33 37
0 32 36
0 34 35
8 10 7
9 10 6
8 5 15
9 4 15
4 13 6
5 14 7
12 4 5
12 13 14
17 10 11
8 19 11
9 18 11
16 6 7
26 20 15
12 21 29
28 14 23
27 13 22
16 24 29
24 17 26
25 19 28
25 18 27
20 21 31
30 22 23
16 32 21
33 19 23
33 18 22
32 17 20
25 35 31
24 34 30
2 26 29
1 27 28
3 37 31
3 36 30
2 35 37
1 34 36
223
38
1 2 3
0 32 33
0 35 37
0 34 36
5 6 31
24 4 30
28 4 29
24 21 23
24 20 22
10 11 18
9 14 15
9 12 13
17 11 15
16 11 14
17 10 13
10 27 12
26 27 13
12 14 23
9 26 22
25 20 21
8 19 23
19 22 7
8 18 21
17 20 7
8 5 7
33 19 29
16 18 37
16 36 15
33 30 6
32 25 6
32 28 5
34 35 4
1 29 30
1 28 25
3 37 31
2 36 31
27 35 3
2 34 26
224
38
1 2 3
0 35 37
0 34 36
0 32 33
24 26 27
25 27 23
8 31 7
19 21 6
18 20 6
12 22 14
11 13 29
10 14 15
9 13 15
17 10 12
9 11 17
16 11 12
21 22 15
20 13 14
8 28 21
28 20 7
8 17 19
16 18 7
16 9 25
26 5 30
25 4 30
24 5 22
4 29 23
36 4 5
32 18 19
32 10 26
24 33 23
34 35 6
3 28 29
3 37 30
2 37 31
1 36 31
35 2 27
1 34 33
225
38
1 2 3
0 32 33
0 35 37
0 34 36
5 6 31
24 4 30
28 4 29
24 21 23
24 20 22
16 17 10
9 11 12
10 18 15
10 13 14
17 12 15
18 12 26
27 11 13
9 26 27
9 13 23
11 22 14
25 20 21
8 19 23
19 22 7
8 18 21
17 20 7
8 5 7
33 19 29
16 37 14
16 36 15
33 30 6
32 25 6
32 28 5
34 35 4
1 29 30
1 28 25
3 37 31
2 36 31
27 35 3
2 34 26
226
38
1 2 3
0 35 37
0 34 36
0 32 33
25 5 31
26 27 4
8 25 7
24 22 6
21 6 23
10 11 18
9 13 14
9 12 15
16 11 13
17 10 12
16 10 29
17 11 30
20 12 14
19 13 15
9 19 20
24 17 18
16 18 23
8 24 28
23 28 7
8 20 22
19 21 7
36 4 6
33 5 30
32 5 29
21 22 37
33 27 14
32 26 15
34 35 4
27 3 30
26 3 29
2 37 31
1 36 31
25 2 35
1 34 28
227
38
1 2 3
0 35 37
0 34 36
0 32 33
5 6 31
24 4 30
28 4 29
24 27 23
24 21 22
18 19 30
16 22 23
23 20 15
17 19 25
25 18 21
16 26 15
11 22 14
10 20 14
20 18 12
9 13 17
9 12 21
16 17 11
8 19 13
8 10 15
10 11 7
8 5 7
12 13 37
33 29 14
32 28 7
33 27 6
32 26 6
9 36 5
34 35 4
27 3 29
26 3 28
2 37 31
1 36 31
2 35 30
1 34 25
228
38
1 2 3
0 35 37
0 34 36
0 32 33
24 26 27
25 27 23
8 31 7
19 21 6
18 20 6
22 14 15
11 13 14
10 12 15
17 11 22
16 10 29
9 10 17
16 9 11
21 13 15
20 12 14
8 28 21
28 20 7
8 17 19
16 18 7
9 12 25
26 5 30
25 4 30
24 5 22
4 29 23
36 4 5
32 18 19
32 26 13
24 33 23
34 35 6
3 28 29
3 37 30
2 37 31
1 36 31
35 2 27
1 34 33
229
38
1 2 3
0 35 37
0 34 36
0 32 33
24 26 27
25 27 23
8 31 7
18 21 6
19 20 6
17 10 11
9 13 15
9 12 14
11 22 15
10 29 14
19 11 13
10 19 12
17 21 22
16 9 18
17 28 7
8 14 15
8 28 21
16 20 7
16 25 12
26 5 30
25 4 30
24 5 22
4 29 23
36 4 5
32 18 20
32 26 13
24 33 23
34 35 6
3 28 29
3 37 30
2 37 31
1 36 31
35 2 27
1 34 33
230
38
1 2 3
0 35 37
0 34 36
0 32 33
24 26 27
25 27 23
8 31 7
20 29 6
18 19 6
10 20 18
9 11 21
10 13 15
17 22 14
17 11 28
28 12 15
16 11 14
17 19 15
16 12 13
8 9 29
8 16 20
9 19 7
10 26 22
25 12 21
26 5 30
25 4 30
24 5 22
4 21 23
36 4 5
32 13 14
32 18 7
24 33 23
34 35 6
3 28 29
3 37 30
2 37 31
1 36 31
35 2 27
1 34 33
231
38
1 2 3
0 34 35
0 33 37
0 32 36
5 6 31
24 26 4
25 4 23
27 13 14
16 27 15
10 11 28
9 19 21
9 18 17
17 19 15
20 29 7
16 30 7
8 12 30
8 29 14
11 12 21
19 11 20
10 12 18
18 26 13
17 10 25
24 28 23
26 22 6
25 5 22
24 21 6
20 5 23
8 35 7
32 9 22
16 33 13
33 14 15
32 34 4
3 28 31
2 29 30
1 37 31
1 27 36
35 3 37
2 36 34
232
38
1 2 3
0 34 35
0 33 37
0 32 36
5 6 31
26 4 29
25 4 30
9 28 15
28 13 14
11 13 7
16 27 19
9 19 12
27 18 11
8 9 20
8 17 15
20 14 7
17 10 18
16 22 14
16 12 21
10 11 21
13 22 15
24 18 19
17 20 23
24 26 22
25 21 23
24 29 6
5 30 23
32 10 12
8 34 7
25 35 5
33 26 6
32 33 4
27 3 31
2 30 31
1 28 37
1 36 29
35 3 37
2 36 34
233
38
1 2 3
0 34 35
0 33 37
0 32 36
5 6 31
26 4 30
25 4 29
9 28 15
28 13 14
11 13 7
16 27 19
9 19 12
27 18 11
8 9 20
8 17 15
20 14 7
17 10 18
16 22 14
16 12 21
10 11 21
13 22 15
24 18 19
17 20 23
24 26 22
25 21 23
24 30 6
29 5 23
32 10 12
8 34 7
26 35 6
25 5 33
32 33 4
27 3 31
2 30 31
1 28 37
1 36 29
35 3 37
2 36 34
234
38
1 2 3
0 34 35
0 32 37
0 33 36
29 21 7
10 27 28
27 12 30
8 9 4
24 25 7
19 20 7
26 11 5
10 12 14
11 13 6
16 12 22
17 18 11
18 20 23
17 19 13
16 20 14
19 14 15
16 9 18
9 17 15
36 4 31
25 35 13
24 34 15
8 35 23
8 34 22
10 37 30
5 6 37
36 5 29
28 4 33
32 26 6
32 33 21
2 30 31
3 29 31
1 25 23
24 1 22
3 28 21
2 27 26
235
38
1 2 3
0 33 37
0 34 35
0 32 36
8 16 13
8 14 15
11 12 7
8 17 6
4 5 7
16 19 12
18 11 15
10 19 6
9 18 6
4 14 23
20 5 13
10 5 23
9 4 20
21 22 7
10 12 29
9 11 29
16 14 31
17 28 25
24 17 27
13 30 15
26 28 22
26 27 21
24 25 32
25 22 33
24 35 21
32 18 19
33 31 23
34 20 30
26 3 29
1 27 30
2 37 31
36 2 28
35 3 37
1 34 36
236
38
1 2 3
0 34 35
0 32 37
0 33 36
29 21 7
10 27 28
27 12 30
8 9 4
24 25 7
19 20 7
26 11 5
10 12 13
11 14 6
16 11 22
17 18 12
18 20 23
17 19 13
16 20 14
19 14 15
16 9 18
9 17 15
36 4 31
25 35 13
24 34 15
8 35 23
8 34 22
10 37 30
5 6 37
36 5 29
28 4 33
32 26 6
32 33 21
2 30 31
3 29 31
1 25 23
24 1 22
3 28 21
2 27 26
237
38
1 2 3
0 35 37
0 34 36
0 32 33
5 6 31
4 29 30
24 4 23
8 11 12
9 10 7
8 25 14
8 26 13
16 17 7
18 15 7
25 10 22
9 26 22
17 12 21
18 11 21
19 11 15
16 20 12
24 17 28
24 18 27
16 23 15
13 14 23
22 21 6
19 20 6
9 36 13
10 37 14
33 20 30
32 19 29
33 28 5
32 27 5
34 35 4
3 28 30
27 3 29
2 37 31
1 36 31
25 2 35
1 26 34
238
38
1 2 3
0 35 37
0 34 36
0 32 33
5 6 31
4 29 30
24 4 23
8 9 19
25 18 7
17 10 7
9 13 14
26 13 15
16 27 14
16 10 11
10 12 15
11 22 14
12 13 22
9 18 21
8 17 20
20 21 7
24 18 19
17 19 23
16 24 15
28 21 6
20 22 6
8 28 37
33 11 30
32 12 29
25 36 23
33 27 5
32 26 5
34 35 4
27 3 30
26 3 29
2 37 31
1 36 31
2 35 28
1 34 25
239
38
1 2 3
0 33 37
0 34 35
0 32 36
25 5 6
4 14 15
16 4 13
9 19 17
17 10 18
18 13 7
8 19 14
16 24 14
23 13 15
9 12 6
10 11 5
16 12 5
11 6 15
8 31 7
8 9 29
10 29 7
24 28 22
27 22 23
26 20 21
28 12 21
27 11 20
26 4 30
25 35 22
24 33 21
33 20 23
32 18 19
25 34 31
32 17 30
3 29 31
1 27 28
2 37 30
2 36 26
35 3 37
1 34 36
240
38
1 2 3
0 32 37
0 34 36
0 33 35
5 6 31
17 4 14
16 4 15
8 9 19
17 13 7
16 12 7
27 30 14
26 30 15
9 18 17
8 16 18
10 26 5
27 11 6
9 13 6
8 12 5
12 13 21
20 21 7
31 19 23
18 19 22
25 21 29
24 28 20
32 29 23
32 28 22
34 11 14
10 34 15
25 33 23
24 33 22
10 11 36
20 35 4
24 1 25
3 28 29
2 27 26
3 37 31
2 37 30
1 35 36
241
38
1 2 3
0 32 37
0 34 36
0 33 35
31 14 15
18 19 28
20 12 28
27 29 15
29 22 23
10 11 30
9 25 23
24 9 22
18 13 6
17 19 12
16 27 4
26 4 7
17 26 14
16 13 21
12 5 21
20 5 13
25 19 6
24 17 18
8 25 11
8 24 10
11 21 23
10 20 22
16 34 15
34 14 7
33 5 6
8 36 7
32 9 33
32 35 4
1 30 31
3 28 30
2 27 26
3 37 31
2 29 37
1 35 36
242
38
1 2 3
0 32 33
0 35 37
0 34 36
5 6 31
4 22 23
24 4 21
25 18 30
26 13 15
10 27 26
9 11 13
10 14 15
16 17 14
8 10 28
28 11 12
8 27 11
24 20 12
18 12 21
24 17 7
25 29 23
16 21 22
17 20 6
20 5 29
19 5 30
16 18 6
33 19 7
8 9 33
9 37 15
36 13 14
32 19 22
32 23 7
34 35 4
1 29 30
1 26 25
3 37 31
2 36 31
35 3 28
2 27 34
243
38
1 2 3
0 34 35
0 33 37
0 32 36
5 6 31
26 4 30
25 4 29
8 9 28
17 19 7
16 18 7
11 12 22
10 13 21
10 20 14
11 20 15
18 12 21
19 13 22
27 9 19
8 18 27
9 14 17
8 16 15
12 13 23
24 11 14
24 10 15
28 26 20
25 21 22
24 30 6
29 5 23
16 17 32
34 23 7
26 35 6
25 5 33
32 33 4
27 3 31
2 30 31
1 28 37
1 36 29
35 3 37
2 36 34
244
38
1 2 3
0 34 35
0 33 37
0 32 36
5 6 31
26 4 29
25 4 30
8 9 28
17 19 7
16 18 7
11 12 22
10 13 21
10 20 14
11 20 15
18 12 21
19 13 22
27 9 19
8 18 27
9 14 17
8 16 15
12 13 23
24 11 14
24 10 15
28 26 20
25 21 22
24 29 6
5 30 23
16 17 32
34 23 7
25 35 5
33 26 6
32 33 4
27 3 31
2 30 31
1 28 37
1 36 29
35 3 37
2 36 34
245
38
1 2 3
0 35 37
0 34 36
0 32 33
8 25 7
24 30 23
26 27 30
4 29 22
28 4 21
10 20 23
9 11 12
17 10 18
16 10 19
16 17 23
18 27 15
26 19 14
18 12 13
19 11 13
16 11 14
17 12 15
24 9 22
8 24 29
28 20 7
9 5 13
20 5 21
32 4 31
37 6 15
36 14 6
8 33 22
33 21 7
32 5 6
25 34 35
25 3 30
3 28 29
2 37 31
1 36 31
35 2 27
1 26 34
246
38
1 2 3
0 35 36
0 32 37
0 33 34
10 11 6
9 12 6
18 4 5
8 20 15
19 14 7
11 5 13
12 4 13
9 4 14
10 5 15
16 9 10
8 17 11
17 12 7
26 13 21
26 14 15
21 6 29
8 25 23
24 22 7
16 18 28
25 27 20
24 27 19
35 20 23
35 19 22
16 17 37
36 22 23
34 21 31
33 18 30
32 34 29
32 33 28
2 30 31
3 29 31
3 28 30
24 1 25
1 27 37
2 36 26
247
38
1 2 3
0 32 37
0 34 36
0 33 35
24 30 22
21 30 23
16 17 31
25 14 15
12 13 15
26 11 13
20 13 14
9 12 14
8 11 20
8 9 10
10 11 7
8 18 7
19 29 6
18 28 6
17 29 15
16 25 28
10 12 23
24 27 5
27 4 23
20 5 22
26 4 21
32 19 7
24 9 34
34 21 22
17 19 33
16 33 18
35 4 5
32 36 6
1 31 25
3 28 29
2 27 26
3 37 30
2 37 31
1 35 36
248
38
1 2 3
0 35 37
0 34 36
0 32 33
8 9 25
10 30 6
27 12 5
16 10 27
17 4 29
28 18 4
11 5 7
10 12 26
11 13 6
12 14 15
13 22 23
24 13 21
19 20 7
8 28 21
9 29 22
16 24 22
16 21 23
17 20 15
18 19 14
24 20 14
23 19 15
32 4 31
11 37 30
36 6 7
9 33 17
8 33 18
32 26 5
25 34 35
25 3 30
3 28 29
2 37 31
1 36 31
35 2 27
1 26 34
249
38
1 2 3
0 32 37
0 34 36
0 33 35
8 9 12
12 6 7
30 5 14
31 5 13
17 11 4
10 4 18
9 19 17
8 18 19
20 4 5
23 30 7
31 6 23
28 29 22
26 27 21
8 10 21
9 11 22
10 11 20
24 19 12
16 17 25
25 18 15
24 13 14
32 20 23
32 21 22
16 34 29
16 33 28
34 27 15
33 26 15
35 13 6
36 14 7
24 1 25
27 3 29
2 28 26
3 37 30
2 37 31
1 35 36
250
38
1 2 3
0 32 35
0 34 37
0 33 36
9 12 7
9 13 6
8 12 5
8 4 13
11 6 7
10 4 5
9 11 31
8 10 30
28 4 6
29 5 7
16 26 23
17 26 22
30 22 14
31 23 15
25 27 21
24 27 20
25 19 29
24 18 28
16 34 15
17 34 14
33 19 21
33 18 20
37 14 15
18 19 36
35 12 21
35 20 13
16 32 11
32 17 10
1 30 31
24 25 3
2 22 23
1 28 29
27 3 37
2 36 26
251
38
1 2 3
0 32 37
0 34 36
0 33 35
17 5 6
4 13 15
12 4 14
10 28 26
27 11 29
10 11 30
9 15 7
8 9 14
16 6 15
16 5 14
11 13 6
10 12 5
18 12 13
18 19 4
16 17 23
17 30 22
25 31 23
24 22 31
25 19 21
24 18 20
32 21 23
32 20 22
34 29 7
8 34 28
33 27 7
8 33 26
9 19 36
35 20 21
24 1 25
3 28 29
2 27 26
3 37 31
2 37 30
1 35 36
252
38
1 2 3
0 35 37
0 34 36
0 32 33
24 26 27
25 27 23
8 31 7
19 21 6
18 20 6
22 14 15
28 13 15
12 13 29
16 11 15
10 11 14
16 9 13
9 10 12
12 21 14
18 19 22
8 17 21
17 20 7
8 19 28
16 18 7
9 25 17
26 5 30
25 4 30
24 5 22
4 29 23
36 4 5
32 10 20
32 26 11
24 33 23
34 35 6
3 28 29
3 37 30
2 37 31
1 36 31
35 2 27
1 34 33
253
38
1 2 3
0 35 37
0 34 36
0 32 33
5 6 31
4 22 23
24 4 21
8 9 14
28 13 7
11 12 7
28 27 12
9 27 25
9 10 26
8 19 20
16 15 7
17 30 14
18 29 14
29 21 15
16 30 22
24 13 22
23 13 21
17 20 6
18 19 5
24 20 5
19 6 23
26 11 37
32 25 12
32 10 11
8 10 36
16 17 33
33 18 15
34 35 4
27 26 3
3 29 30
2 37 31
1 36 31
2 35 28
1 34 25
254
38
1 2 3
0 35 37
0 34 36
0 32 33
24 26 27
25 27 23
31 21 7
10 11 6
16 22 15
19 20 22
16 14 7
15 13 7
17 13 21
16 11 12
10 18 15
8 11 14
8 10 13
20 12 29
19 28 14
9 18 29
9 28 17
26 12 6
8 9 25
26 5 30
25 4 30
24 5 22
4 21 23
36 4 5
32 18 20
32 17 19
24 33 23
34 35 6
3 28 29
3 37 30
2 37 31
1 36 31
35 2 27
1 34 33
255
38
1 2 3
0 35 37
0 34 36
0 32 33
24 26 27
25 27 23
8 31 7
19 21 6
18 20 6
12 13 22
16 28 13
28 12 14
16 9 11
9 10 14
11 13 15
21 14 29
20 10 12
18 19 22
8 17 21
17 20 7
8 16 19
18 15 7
9 25 17
26 5 30
25 4 30
24 5 22
4 29 23
36 4 5
32 10 11
32 26 15
24 33 23
34 35 6
3 28 29
3 37 30
2 37 31
1 36 31
35 2 27
1 34 33
256
38
1 2 3
0 34 35
0 32 37
0 33 36
8 24 7
16 19 14
19 13 15
9 11 4
12 10 4
10 23 7
8 9 22
15 22 7
8 16 23
16 21 6
21 5 15
11 14 6
12 5 13
25 20 28
24 27 20
26 5 6
17 18 30
13 14 31
10 11 29
9 12 29
28 18 4
17 26 27
25 34 19
32 25 18
24 17 32
33 22 23
35 20 31
33 21 30
2 27 28
3 29 31
1 26 37
1 36 30
35 3 37
2 36 34
257
38
1 2 3
0 35 37
0 34 36
0 32 33
25 5 31
26 27 4
8 25 7
24 22 6
21 6 23
10 11 20
16 9 30
9 29 17
19 28 14
18 28 15
16 12 15
17 13 14
10 18 14
19 11 15
16 24 13
17 12 23
9 21 22
8 24 20
23 20 7
8 19 22
18 21 7
36 4 6
33 5 30
32 5 29
12 13 37
27 33 11
32 10 26
34 35 4
27 3 30
26 3 29
2 37 31
1 36 31
25 2 35
1 34 28
258
38
1 2 3
0 34 35
0 33 37
0 32 36
10 12 14
9 14 6
10 5 13
8 18 15
11 21 7
19 12 5
19 4 6
8 17 13
9 18 4
16 11 6
20 4 5
16 17 7
31 13 15
11 29 15
12 29 7
9 10 30
24 28 14
8 26 22
27 21 23
25 28 22
25 27 20
24 26 23
25 35 21
24 33 22
33 20 23
32 17 18
32 19 31
16 34 30
3 29 30
2 27 28
1 37 31
1 26 36
35 3 37
2 36 34
259
38
1 2 3
0 35 37
0 34 36
0 32 33
24 26 27
25 27 23
8 22 7
17 21 6
18 19 6
11 21 29
13 14 31
9 12 17
18 11 20
10 19 30
10 28 15
18 30 14
17 20 29
16 11 7
8 12 15
8 28 13
16 26 12
9 25 7
24 6 23
26 5 22
25 4 22
24 5 21
20 4 23
36 4 5
32 19 14
16 9 33
32 13 15
10 35 34
3 28 30
3 29 37
2 37 31
1 36 31
35 2 27
1 34 33
260
38
1 2 3
0 33 34
0 32 37
0 35 36
8 10 5
12 11 4
9 11 7
10 12 6
18 19 4
16 13 6
17 4 7
17 5 6
16 5 7
9 14 15
25 13 21
24 20 13
9 27 12
10 11 26
8 29 22
8 28 23
25 23 15
24 22 14
18 21 37
36 19 20
35 21 15
35 20 14
17 34 31
16 33 30
19 29 37
36 18 28
32 34 27
32 33 26
2 30 31
1 27 31
1 26 30
24 25 3
3 29 23
2 28 22
261
38
1 2 3
0 35 37
0 34 36
0 32 33
24 26 27
25 27 23
31 21 7
10 11 6
16 19 22
18 20 22
15 12 7
17 13 7
16 10 13
11 12 14
21 13 15
17 10 14
8 18 12
11 28 15
16 9 29
8 20 29
9 19 28
26 14 6
8 9 25
26 5 30
25 4 30
24 5 22
4 21 23
36 4 5
32 17 20
32 18 19
24 33 23
34 35 6
3 28 29
3 37 30
2 37 31
1 36 31
35 2 27
1 34 33
262
38
1 2 3
0 35 37
0 34 36
0 32 33
5 6 31
24 4 30
28 4 29
8 9 24
23 21 7
20 22 7
16 27 15
12 14 15
16 11 13
18 12 26
27 17 11
10 11 18
17 10 12
16 14 23
13 22 15
25 20 21
9 19 23
8 19 22
9 18 21
8 17 20
28 5 7
26 19 36
25 13 33
10 37 14
24 32 6
33 30 6
32 5 29
34 35 4
3 28 30
26 3 29
2 37 31
1 36 31
25 2 35
1 34 27
263
38
1 2 3
0 34 35
0 33 37
0 32 36
16 19 20
19 14 15
8 12 23
24 9 13
16 24 6
16 23 7
11 22 14
10 21 15
22 6 15
21 14 7
10 5 13
11 12 5
8 9 4
25 18 29
17 20 31
4 5 29
18 4 26
27 11 13
10 27 12
9 28 6
8 28 7
17 26 30
32 25 20
35 21 22
24 33 23
32 17 19
25 33 31
18 34 30
26 3 29
2 28 30
1 37 31
1 27 36
35 3 37
2 36 34
264
38
1 2 3
0 35 37
0 34 36
0 32 33
5 6 31
24 4 30
28 4 29
8 9 24
21 22 7
23 20 7
27 14 15
25 12 13
16 11 15
17 11 14
16 10 13
17 10 12
20 12 14
21 13 15
26 21 23
26 20 22
16 9 19
8 17 18
8 19 23
9 18 22
25 5 7
24 33 11
18 19 37
36 10 28
32 27 6
33 30 6
32 5 29
34 35 4
3 28 30
25 3 29
2 37 31
1 36 31
35 2 27
1 26 34
265
38
1 2 3
0 33 36
0 34 35
0 32 37
12 13 15
9 10 11
8 11 20
8 10 19
18 6 7
17 5 13
20 5 7
19 5 6
18 4 14
16 9 4
16 17 12
4 21 22
26 13 14
9 28 14
8 26 12
31 11 7
10 28 6
24 29 15
27 23 15
25 29 22
25 27 21
24 30 23
16 32 18
24 33 22
17 35 20
34 21 23
25 33 31
32 19 30
26 3 31
1 27 30
2 29 37
36 2 28
1 35 37
34 3 36
266
38
1 2 3
0 33 37
0 34 35
0 32 36
10 13 7
11 13 6
12 5 7
9 4 6
10 19 12
16 11 7
8 20 4
9 18 5
8 17 6
16 4 5
17 21 15
18 22 14
9 26 13
12 29 14
31 11 15
8 21 29
10 27 23
26 19 14
24 28 15
25 20 28
25 27 22
24 30 23
16 32 21
24 33 20
33 22 23
32 17 19
25 35 31
18 34 30
26 3 29
1 27 28
2 37 31
2 36 30
35 3 37
1 34 36
267
38
1 2 3
0 34 35
0 32 37
0 33 36
23 5 15
4 13 6
18 19 5
17 12 14
22 21 14
17 10 11
9 12 20
16 9 13
16 10 7
11 5 31
8 30 7
20 4 29
25 11 12
9 25 7
27 22 6
26 21 6
24 10 15
8 27 19
8 18 26
24 28 4
34 20 23
16 17 35
33 19 22
32 18 21
35 29 23
34 28 15
33 37 14
32 36 13
2 27 31
26 3 30
24 1 29
1 28 25
3 37 31
2 36 30
268
38
1 2 3
0 34 35
0 33 37
0 32 36
5 6 31
26 4 29
25 4 30
8 9 28
17 19 7
16 18 7
20 14 15
27 12 15
11 20 13
12 21 14
10 27 13
10 11 18
9 19 22
8 18 22
9 17 15
8 16 21
10 12 23
24 19 13
16 17 24
28 26 20
25 21 22
24 29 6
5 30 23
32 11 14
34 23 7
25 35 5
33 26 6
32 33 4
27 3 31
2 30 31
1 28 37
1 36 29
35 3 37
2 36 34
269
38
1 2 3
0 34 35
0 36 37
0 32 33
21 22 7
21 6 23
20 5 22
20 4 23
16 27 15
16 26 14
24 19 13
25 19 12
24 18 11
25 10 18
9 27 17
8 17 26
8 9 28
31 14 15
12 13 30
10 11 29
28 6 7
4 5 31
4 29 6
5 30 7
10 12 34
35 11 13
9 37 15
8 36 14
16 32 20
33 19 22
33 18 23
32 17 21
3 28 31
3 29 30
24 1 37
1 36 25
35 2 27
2 34 26
270
38
1 2 3
0 35 37
0 34 36
0 32 33
8 25 7
26 27 30
24 30 23
4 21 29
28 4 22
27 10 11
9 26 12
9 13 15
16 10 14
16 18 11
18 12 15
17 11 14
17 12 13
16 20 15
19 13 14
24 18 20
17 19 23
23 28 7
8 24 29
20 21 6
19 22 6
32 4 31
10 5 37
9 36 5
8 33 21
33 22 7
32 5 6
25 34 35
25 3 30
3 28 29
2 37 31
1 36 31
35 2 27
1 26 34
271
38
1 2 3
0 33 37
0 34 35
0 32 36
8 29 7
24 17 23
18 19 23
16 4 21
20 4 15
19 17 11
17 18 12
9 18 13
10 19 14
16 11 22
12 22 15
8 21 14
20 13 7
9 10 5
10 11 6
9 12 6
8 16 25
25 15 7
26 13 14
27 5 6
26 28 5
20 21 37
24 33 22
35 31 23
24 34 30
33 4 36
32 35 28
32 34 27
3 30 31
1 26 29
2 28 31
2 27 30
3 29 37
1 36 25
272
38
1 2 3
0 32 33
0 35 37
0 34 36
8 9 30
9 21 25
8 25 20
24 10 11
4 21 6
20 4 5
17 18 7
16 19 7
23 21 15
20 14 23
18 13 15
19 12 14
18 11 22
10 19 22
16 10 14
17 11 15
9 13 6
8 12 5
16 17 29
27 12 13
27 28 7
26 5 6
25 30 33
24 33 23
24 29 37
36 28 22
32 26 4
32 34 35
1 30 31
1 26 27
3 37 31
2 36 31
35 3 29
2 28 34
273
38
1 2 3
0 33 36
0 32 37
0 34 35
12 5 13
4 30 31
17 14 7
16 6 15
11 20 21
10 19 18
9 11 23
8 10 22
24 4 14
25 4 15
26 12 6
27 13 7
25 22 7
24 6 23
9 28 21
9 20 29
8 19 28
8 18 29
16 27 11
17 10 26
17 35 12
16 34 13
35 14 23
34 22 15
32 18 20
33 19 21
33 5 37
32 36 5
2 28 31
1 29 30
27 25 3
24 26 3
1 37 31
2 36 30
274
38
1 2 3
0 35 37
0 34 36
0 32 33
25 5 31
26 27 4
8 25 7
22 6 23
24 21 6
19 17 11
20 18 12
9 12 30
10 11 29
17 28 22
18 28 21
16 24 20
23 19 15
9 13 23
24 10 14
16 9 22
10 21 15
8 20 14
19 13 7
16 17 7
8 18 15
36 4 6
33 5 30
32 5 29
13 14 37
33 27 12
32 26 11
34 35 4
27 3 30
26 3 29
2 37 31
1 36 31
25 2 35
1 34 28
275
38
1 2 3
0 34 35
0 33 37
0 32 36
8 10 12
9 11 13
19 13 7
20 12 6
9 4 22
8 5 21
20 4 14
19 5 15
18 4 7
17 5 6
16 10 18
16 17 11
30 14 15
27 13 15
26 12 14
27 11 6
10 26 7
9 29 25
8 24 28
24 25 31
29 22 23
28 21 23
33 18 20
17 19 33
32 25 22
24 32 21
16 35 31
34 30 23
3 28 29
2 27 26
1 37 31
1 36 30
35 3 37
2 36 34
276
38
1 2 3
0 32 37
0 33 36
0 34 35
31 5 23
24 25 4
8 26 7
19 21 6
20 22 6
10 11 30
9 12 29
9 13 15
16 10 14
16 18 11
18 12 15
17 11 14
17 12 13
16 19 15
20 13 14
17 27 7
8 18 28
28 22 7
8 27 21
26 4 37
35 5 30
34 5 29
32 6 23
33 19 22
33 20 21
25 10 35
24 9 34
32 36 4
1 26 31
2 27 28
25 3 30
24 3 29
2 37 31
1 36 23
277
38
1 2 3
0 34 35
0 33 36
0 32 37
31 30 23
10 15 7
8 9 11
11 12 5
10 12 6
16 13 6
8 5 14
14 6 7
8 13 7
9 12 22
10 11 21
19 20 5
9 18 17
16 24 20
16 25 19
24 18 15
17 25 15
22 14 29
28 13 21
26 27 4
32 17 19
33 18 20
35 29 23
34 28 23
35 27 22
26 34 21
33 4 37
32 36 4
24 3 31
25 2 30
1 27 29
1 26 28
2 37 31
3 36 30
278
38
1 2 3
0 32 33
0 35 37
0 34 36
16 18 30
17 30 15
8 10 7
9 11 6
19 12 6
20 12 7
20 13 6
19 13 7
8 9 18
17 10 11
16 29 15
18 5 14
17 4 14
16 5 13
12 4 15
8 25 11
24 9 10
28 22 23
25 27 21
24 26 21
27 20 23
26 19 22
25 33 23
24 33 22
32 21 29
28 37 14
36 4 5
32 34 35
1 28 31
1 26 27
3 37 31
2 36 31
35 3 30
2 34 29
279
38
1 2 3
0 36 37
0 33 34
0 32 35
8 9 7
8 10 6
9 5 15
10 4 15
12 4 5
4 13 6
5 14 7
12 13 14
8 19 11
9 18 11
17 10 11
16 6 7
20 21 15
24 25 14
13 22 23
26 27 12
16 27 31
16 26 30
25 18 28
24 18 29
17 28 23
17 29 22
19 21 31
19 20 30
24 32 22
25 33 23
35 27 21
26 20 34
3 28 37
2 36 29
2 37 31
3 36 30
1 35 33
32 1 34
280
38
1 2 3
0 36 37
0 33 34
0 32 35
8 11 7
9 11 6
8 10 5
9 10 4
12 4 6
13 5 7
15 6 7
4 5 14
8 17 13
16 9 12
11 20 22
10 21 23
25 27 13
24 26 12
19 20 21
18 22 23
18 28 14
18 29 15
19 29 14
19 28 15
17 27 31
16 26 31
17 30 25
16 24 30
33 20 23
32 21 22
35 26 27
24 25 34
3 29 37
36 2 28
2 37 31
3 36 30
1 35 33
32 1 34
281
38
1 2 3
0 32 37
0 34 36
0 33 35
8 10 5
9 11 4
8 9 15
10 11 14
12 4 6
5 6 13
4 13 7
12 5 7
8 11 23
9 10 22
25 15 7
24 14 6
18 19 31
20 21 30
16 25 27
16 24 26
17 29 23
17 28 22
29 13 21
20 12 28
27 19 15
18 26 14
25 34 19
24 18 34
33 21 23
33 20 22
32 17 36
16 32 35
1 30 31
3 28 29
2 27 26
3 37 31
2 37 30
1 35 36
282
38
1 2 3
0 34 35
0 32 37
0 33 36
5 6 31
26 4 30
25 4 29
27 10 11
9 27 12
8 11 28
28 12 7
9 13 7
8 10 14
16 11 14
12 13 15
22 21 14
19 20 13
18 20 21
17 19 22
16 18 23
16 17 24
17 23 15
24 18 15
25 19 21
26 20 22
30 6 23
24 5 29
8 35 7
32 9 10
33 26 6
25 5 33
32 34 4
2 28 31
3 29 30
1 37 31
1 27 36
35 3 37
2 36 34
283
38
1 2 3
0 34 35
0 33 37
0 32 36
19 28 7
18 28 6
19 20 5
20 18 4
9 12 14
8 13 15
25 12 13
24 14 15
8 16 10
9 10 17
8 17 11
16 9 11
19 12 15
18 13 14
17 5 7
16 4 6
29 6 7
26 36 31
25 27 35
24 34 27
35 11 23
10 34 22
21 30 37
37 22 23
36 4 5
33 20 30
32 26 29
32 33 21
3 30 31
2 29 31
1 25 23
24 1 22
3 28 21
2 27 26
284
38
1 2 3
0 35 37
0 34 36
0 32 33
8 25 7
8 29 30
28 30 7
4 29 6
24 4 5
24 21 23
24 20 22
12 13 15
16 11 14
17 26 11
17 27 12
27 18 11
18 12 26
13 14 23
16 22 15
28 20 21
10 19 23
9 19 22
10 18 21
9 20 17
8 9 10
32 4 31
16 13 37
36 14 15
33 19 6
33 5 7
32 5 6
25 34 35
25 3 30
3 28 29
2 37 31
1 36 31
35 2 27
1 26 34
285
38
1 2 3
0 32 37
0 34 36
0 33 35
9 10 5
8 11 4
17 12 30
8 9 12
5 14 7
15 4 7
4 13 14
15 5 13
23 6 7
10 11 22
8 24 10
9 11 25
20 21 31
18 19 6
17 29 25
24 17 28
16 27 22
16 26 23
26 20 13
27 12 21
19 29 14
18 28 15
34 21 22
34 20 23
25 19 33
24 33 18
32 36 6
16 32 35
1 30 31
3 28 29
2 27 26
3 37 31
2 37 30
1 35 36
286
38
1 2 3
0 32 33
0 35 37
0 34 36
5 6 31
24 4 30
28 4 29
24 21 23
24 20 22
17 19 25
18 14 15
16 18 13
17 13 14
11 12 15
16 10 12
10 26 13
27 11 14
9 12 23
10 11 22
9 20 21
8 19 23
19 22 7
8 18 21
17 20 7
8 5 7
9 29 33
27 37 15
16 26 36
33 30 6
32 25 6
32 28 5
34 35 4
1 29 30
1 28 25
3 37 31
2 36 31
27 35 3
2 34 26
287
38
1 2 3
0 32 33
0 35 37
0 34 36
5 6 29
8 10 4
9 4 7
10 28 6
9 28 5
8 12 6
11 5 7
10 19 29
9 18 15
16 19 14
17 18 13
16 17 12
21 13 15
20 14 15
12 21 14
11 20 13
17 19 25
16 24 18
25 27 30
24 26 30
27 21 23
26 20 22
25 33 23
24 33 22
8 37 7
36 11 4
32 22 23
32 34 35
1 30 31
1 26 27
3 37 31
2 36 31
35 3 29
2 28 34
288
38
1 2 3
0 35 37
0 34 36
0 32 33
24 26 27
25 27 23
31 21 7
17 18 6
22 14 15
16 13 22
12 13 15
16 12 14
10 11 21
9 10 14
8 11 13
8 10 19
9 11 20
20 29 7
19 28 7
18 29 15
16 17 28
26 12 6
8 9 25
26 5 30
25 4 30
24 5 22
4 21 23
36 4 5
32 18 20
32 17 19
24 33 23
34 35 6
3 28 29
3 37 30
2 37 31
1 36 31
35 2 27
1 34 33
289
38
1 2 3
0 34 35
0 33 36
0 32 37
5 6 23
4 30 31
16 4 15
9 13 14
17 12 14
12 22 7
11 12 13
10 19 18
8 9 10
17 10 7
8 15 7
22 14 6
20 21 6
8 13 29
24 11 21
25 11 20
16 24 19
16 25 18
9 28 15
26 27 4
32 18 20
33 19 21
35 29 23
34 28 23
35 27 22
17 26 34
33 5 37
32 36 5
24 3 31
25 2 30
1 27 29
1 26 28
2 37 31
3 36 30
290
38
1 2 3
0 33 37
0 34 35
0 32 36
16 9 5
4 6 7
8 5 13
11 12 5
11 6 15
10 4 14
9 19 17
8 20 7
23 13 7
20 12 6
9 18 15
8 19 14
4 21 22
10 18 23
17 29 14
10 29 15
11 13 31
16 25 28
16 24 27
17 12 30
26 28 22
26 27 21
24 25 32
25 22 33
24 35 21
32 18 19
33 31 23
34 20 30
26 3 29
1 27 30
2 37 31
36 2 28
35 3 37
1 34 36
291
38
1 2 3
0 32 33
0 35 37
0 34 36
5 6 31
24 4 29
28 4 30
8 9 24
23 21 7
20 22 7
27 11 12
16 10 15
17 10 14
25 26 19
16 18 12
17 18 11
25 11 14
26 12 15
21 14 15
13 22 23
9 27 23
8 18 22
9 19 21
8 19 20
28 5 7
16 13 37
17 36 13
32 10 20
24 33 6
33 5 30
32 29 6
34 35 4
1 27 30
1 28 29
3 37 31
2 36 31
35 26 3
25 2 34
292
38
1 2 3
0 33 36
0 32 37
0 34 35
31 30 23
16 10 15
8 12 13
8 11 14
9 6 7
8 17 10
9 5 22
18 13 7
18 14 6
19 11 6
20 12 7
17 5 21
19 20 5
24 9 15
25 11 12
16 13 29
16 28 14
25 22 15
24 10 21
26 27 4
17 22 33
32 18 21
35 29 23
34 28 23
35 27 20
26 19 34
33 4 37
32 36 4
25 2 31
24 1 30
27 3 29
26 3 28
1 37 31
2 36 30
293
38
1 2 3
0 35 37
0 34 36
0 32 33
24 26 27
25 27 23
8 31 7
20 29 6
18 19 6
18 20 21
16 13 22
17 21 22
16 17 28
10 28 14
17 13 15
16 19 14
10 12 15
11 12 14
8 9 29
8 20 15
9 19 7
9 26 11
25 10 11
26 5 30
25 4 30
24 5 22
4 21 23
36 4 5
32 12 13
32 18 7
24 33 23
34 35 6
3 28 29
3 37 30
2 37 31
1 36 31
35 2 27
1 34 33
294
38
1 2 3
0 34 35
0 33 36
0 32 37
12 30 31
14 13 6
16 5 15
10 19 20
9 18 17
8 11 23
11 22 7
9 10 21
24 4 13
27 12 5
24 5 22
26 6 23
25 21 6
8 28 20
8 19 29
18 28 7
17 29 7
16 26 11
10 27 14
9 25 15
34 12 14
16 35 23
35 21 15
34 13 22
32 17 19
33 18 20
33 4 37
32 36 4
3 28 31
2 29 30
24 1 27
1 26 25
2 37 31
3 36 30
295
38
1 2 3
0 35 37
0 34 36
0 32 33
24 26 27
25 27 23
31 21 7
17 10 6
16 20 22
18 12 22
18 11 7
10 12 13
9 11 17
16 11 15
19 21 15
20 13 14
8 19 13
12 29 7
9 10 29
16 28 14
8 28 15
26 14 6
8 9 25
26 5 30
25 4 30
24 5 22
4 21 23
36 4 5
32 19 20
32 17 18
24 33 23
34 35 6
3 28 29
3 37 30
2 37 31
1 36 31
35 2 27
1 34 33
296
38
1 2 3
0 32 33
0 34 35
0 36 37
5 6 15
10 11 4
9 4 12
18 19 14
9 10 13
8 11 6
8 12 5
9 20 5
10 21 6
8 14 31
13 30 7
24 25 4
17 22 23
16 26 27
28 21 7
20 29 7
19 11 37
36 18 12
16 33 31
16 24 32
33 23 15
26 34 15
17 35 25
17 34 30
18 29 37
36 19 28
35 27 14
32 13 22
1 31 23
24 1 22
25 2 27
2 26 30
3 21 29
28 3 20
297
38
1 2 3
0 33 36
0 32 37
0 34 35
8 6 15
9 14 7
4 13 7
12 5 6
20 11 4
10 20 5
9 12 17
8 16 13
10 18 7
19 11 6
17 18 5
16 19 4
31 11 15
10 14 31
12 29 14
28 13 15
8 9 30
25 27 23
24 26 23
30 21 22
27 29 22
26 28 21
25 22 33
24 33 21
25 19 35
24 32 18
34 20 23
16 17 32
2 29 31
1 26 27
3 37 30
36 3 28
1 35 37
2 36 34
298
38
1 2 3
0 34 35
0 33 37
0 32 36
9 22 23
25 6 23
5 22 21
20 12 13
24 11 13
4 13 21
25 11 12
8 10 20
24 10 7
8 9 7
27 17 19
16 18 27
26 19 15
18 26 14
17 29 15
16 28 14
31 11 7
9 30 6
4 6 31
4 5 30
8 12 29
10 28 5
16 17 34
32 14 15
25 19 35
24 33 18
33 21 23
32 20 22
27 3 31
2 29 30
1 26 37
1 28 36
35 3 37
2 36 34

