298
1
38
1 2 3
0 32 37
0 33 36
0 34 35
5 6 11
4 7 10
4 8 9
5 9 14
6 10 15
6 7 13
5 8 13
4 12 20
11 17 21
9 10 17
7 16 19
8 16 18
14 15 22
12 13 22
15 19 28
14 18 27
11 25 26
12 23 24
16 17 36
21 26 32
21 25 33
20 24 32
20 23 33
19 31 35
18 30 34
30 31 37
28 29 35
27 29 34
1 23 25
2 24 26
3 28 31
3 27 30
2 22 37
1 29 36
2
38
1 2 3
0 35 36
0 33 34
0 32 37
5 6 16
4 13 15
4 12 14
18 20 22
19 21 23
10 15 21
9 14 20
12 13 17
6 11 15
5 11 14
6 10 13
5 9 12
4 17 25
11 16 28
7 23 27
8 22 27
7 10 24
8 9 24
7 19 26
8 18 26
20 21 35
16 31 34
22 23 37
18 19 36
17 29 35
28 30 33
29 32 34
25 32 33
3 30 31
2 29 31
2 25 30
1 24 28
1 27 37
3 26 36
3
38
1 2 3
0 32 35
0 33 34
0 36 37
5 6 7
4 13 15
4 9 12
4 8 11
7 10 12
6 10 11
8 9 14
7 9 20
6 8 17
5 14 18
10 13 16
5 16 19
14 15 25
12 21 24
13 19 24
15 18 26
11 21 22
17 20 23
20 31 34
21 30 33
17 18 35
16 29 37
19 28 36
28 29 35
26 27 37
25 27 36
23 32 34
22 32 33
1 30 31
2 23 31
2 22 30
1 24 27
3 26 29
3 25 28
4
38
1 2 3
0 32 37
0 34 36
0 33 35
11 12 28
16 26 28
10 19 29
8 9 19
7 12 15
7 13 14
6 13 15
4 14 17
4 8 13
9 10 12
9 11 15
8 10 14
5 27 30
11 18 27
17 26 30
6 7 23
23 25 31
22 24 31
21 25 29
19 20 24
21 23 32
20 22 32
5 18 34
16 17 34
4 5 33
6 22 33
16 18 36
20 21 35
1 24 25
3 28 29
2 26 27
3 31 37
2 30 37
1 35 36
5
38
1 2 3
0 32 37
0 34 36
0 33 35
5 7 13
4 11 16
16 26 27
4 12 19
9 10 19
8 18 30
8 17 31
5 12 15
7 11 14
4 14 15
12 13 23
11 13 22
5 6 23
10 21 30
9 21 31
7 8 22
24 28 29
17 18 25
15 19 25
14 16 24
20 23 32
21 22 32
6 29 34
6 28 33
20 27 34
20 26 33
9 17 35
10 18 36
1 24 25
3 27 29
2 26 28
3 30 37
2 31 37
1 35 36
6
38
1 2 3
0 35 37
0 34 36
0 32 33
22 24 30
21 23 30
9 18 29
13 15 17
14 16 17
6 11 13
12 15 19
9 14 15
10 13 14
7 9 12
8 11 12
7 10 11
8 27 29
7 8 26
6 19 24
10 18 23
21 22 28
5 20 24
4 20 23
5 19 22
4 18 21
28 31 32
17 27 37
16 26 36
20 25 33
6 16 33
4 5 32
25 34 35
3 25 30
3 28 29
2 31 37
1 31 36
2 27 35
1 26 34
7
38
1 2 3
0 35 37
0 34 36
0 32 33
7 8 25
24 29 30
23 28 30
4 19 22
4 20 21
10 11 16
9 12 15
9 13 14
10 14 17
11 15 18
11 12 22
10 13 22
9 19 23
12 18 21
13 17 20
7 16 24
8 18 27
8 17 26
7 14 15
6 16 29
5 19 28
4 31 32
21 27 37
20 26 36
6 24 33
5 23 33
5 6 32
25 34 35
3 25 30
3 28 29
2 31 37
1 31 36
2 27 35
1 26 34
8
38
1 2 3
0 35 37
0 34 36
0 32 33
23 26 27
24 25 27
7 8 29
6 9 31
6 11 28
7 10 28
9 13 29
8 12 22
11 13 15
10 12 14
13 18 19
12 16 17
15 19 21
15 18 20
14 17 21
14 16 20
17 19 24
16 18 23
11 24 26
4 21 30
5 20 22
5 26 30
4 22 25
4 5 36
8 9 32
6 10 32
23 25 33
7 34 35
3 28 29
3 30 37
2 31 37
1 31 36
2 27 35
1 33 34
9
38
1 2 3
0 34 35
0 32 37
0 33 36
7 8 24
14 16 19
13 15 19
4 12 16
4 14 15
10 12 22
9 21 23
13 21 22
7 9 14
6 11 23
5 8 12
6 8 16
5 7 15
20 25 28
20 24 27
5 6 26
17 18 31
10 11 30
9 11 29
10 13 29
4 18 28
17 26 27
19 25 32
18 25 34
17 24 33
22 23 32
21 31 35
20 30 33
2 26 29
3 28 31
1 27 37
1 30 36
3 35 37
2 34 36
10
38
1 2 3
0 33 36
0 34 35
0 32 37
6 9 13
7 10 11
4 11 12
5 12 13
9 14 16
4 8 18
5 15 17
5 6 20
6 7 18
4 7 21
8 17 19
10 16 19
8 15 26
10 14 26
9 12 31
14 15 30
11 23 29
13 24 27
24 25 29
20 25 28
21 22 28
22 23 27
16 17 32
21 25 33
23 24 33
20 22 34
19 31 35
18 30 32
3 26 31
1 27 28
2 29 37
2 30 36
1 35 37
3 34 36
11
38
1 2 3
0 33 37
0 34 35
0 32 36
5 11 15
4 6 7
5 10 13
5 9 14
9 10 12
7 8 13
6 8 14
4 12 18
8 11 19
6 9 20
7 10 16
4 16 17
14 15 29
15 22 26
11 23 27
12 24 28
13 21 26
20 22 31
17 21 29
18 25 28
19 25 27
23 24 30
17 20 32
18 24 33
19 23 33
16 22 32
25 31 35
21 30 34
3 26 29
1 27 28
2 31 37
2 30 36
3 35 37
1 34 36
12
38
1 2 3
0 32 37
0 34 36
0 33 35
22 23 30
21 24 30
9 16 27
13 27 28
13 15 31
6 12 17
11 12 16
10 17 25
9 10 18
7 8 29
15 25 29
8 14 28
6 10 22
9 11 22
12 19 21
18 24 26
21 23 26
5 18 20
4 16 17
4 20 24
5 19 23
11 14 32
19 20 34
6 7 34
7 15 33
13 14 33
4 5 35
8 32 36
1 25 31
3 28 29
2 26 27
3 30 37
2 31 37
1 35 36
13
38
1 2 3
0 34 35
0 33 37
0 32 36
10 12 16
9 15 17
9 11 13
8 14 17
7 15 16
5 6 14
4 13 18
6 12 18
4 11 19
6 10 19
7 9 21
5 8 22
4 8 20
5 7 20
10 11 30
12 13 28
16 17 29
14 25 27
15 23 26
22 24 27
23 25 31
21 24 26
22 25 32
21 23 34
19 30 35
20 31 33
18 28 33
24 29 32
3 26 31
2 29 30
1 27 37
1 28 36
3 35 37
2 34 36
14
38
1 2 3
0 32 33
0 36 37
0 34 35
6 10 18
7 11 19
4 13 15
5 12 14
15 17 26
14 16 25
4 11 20
5 10 21
7 13 23
6 12 24
7 9 24
6 8 23
9 22 26
8 22 25
4 21 28
5 20 27
10 19 36
11 18 36
16 17 32
12 15 37
13 14 37
9 17 33
8 16 33
19 31 35
18 30 34
30 31 32
28 29 35
27 29 34
1 22 29
1 25 26
3 28 31
3 27 30
2 20 21
2 23 24
15
38
1 2 3
0 32 37
0 33 36
0 34 35
5 6 13
4 7 12
4 8 18
5 9 19
6 11 14
7 10 15
9 11 17
8 10 16
5 15 17
4 14 16
8 13 21
9 12 20
11 13 24
10 12 25
6 21 23
7 20 22
15 19 37
14 18 37
19 31 36
18 30 35
16 29 34
17 28 33
29 30 32
28 31 32
25 27 36
24 26 35
23 26 34
22 27 33
1 26 27
2 25 31
3 24 30
3 23 29
2 22 28
1 20 21
16
38
1 2 3
0 32 37
0 33 34
0 35 36
5 8 12
4 10 14
7 11 15
6 9 13
4 9 17
7 8 16
5 11 18
6 10 19
4 16 22
7 17 23
5 19 25
6 18 24
9 12 20
8 13 20
10 15 21
11 14 21
16 17 37
18 19 37
12 28 33
13 29 34
15 31 36
14 30 35
28 29 32
30 31 32
22 26 34
23 26 33
25 27 36
24 27 35
1 26 27
2 22 29
2 23 28
3 25 31
3 24 30
1 20 21
17
38
1 2 3
0 33 36
0 34 35
0 32 37
5 6 31
4 26 30
4 25 29
10 13 28
12 15 28
12 14 27
7 16 19
15 20 27
8 9 20
7 14 17
9 13 19
8 11 18
10 17 18
13 16 22
15 16 21
10 14 22
11 12 21
18 20 24
17 19 23
22 24 26
21 23 25
6 24 30
5 23 29
9 11 33
7 8 34
6 26 35
5 25 32
4 32 33
3 30 31
1 27 31
2 28 37
2 29 36
1 35 37
3 34 36
18
38
1 2 3
0 35 37
0 33 34
0 32 36
8 12 13
7 12 14
7 8 11
5 6 13
4 6 14
10 16 21
9 15 20
6 17 19
4 5 18
4 7 15
5 8 16
10 13 25
9 14 25
11 18 24
12 17 23
11 22 23
10 27 29
9 26 28
19 31 34
18 19 35
17 30 33
15 16 35
21 29 37
20 28 37
21 27 36
20 26 36
24 32 34
22 32 33
3 30 31
2 24 31
2 22 30
1 23 25
3 28 29
1 26 27
19
38
1 2 3
0 34 35
0 33 37
0 32 36
5 6 31
4 24 26
4 23 25
11 27 30
9 10 30
8 17 19
8 16 18
7 12 28
11 13 20
12 19 21
18 20 21
16 17 29
10 15 19
9 15 18
10 14 17
9 13 16
12 14 26
13 14 25
23 24 28
6 22 26
5 22 25
6 21 24
5 20 23
7 29 35
11 22 32
15 27 33
7 8 33
4 32 34
3 28 31
2 29 30
1 31 37
1 27 36
3 35 37
2 34 36
20
38
1 2 3
0 34 35
0 33 37
0 32 36
5 6 31
4 24 30
4 25 26
8 9 30
7 23 26
7 22 25
24 27 28
12 13 29
11 16 17
11 15 18
15 16 28
13 14 17
12 14 18
12 15 20
13 16 21
20 21 24
17 19 23
18 19 22
9 21 26
8 20 25
5 10 19
6 9 23
6 8 22
10 29 35
10 14 33
11 27 33
5 7 32
4 32 34
3 30 31
2 28 29
1 31 37
1 27 36
3 35 37
2 34 36
21
38
1 2 3
0 32 33
0 36 37
0 34 35
7 9 16
6 9 17
5 8 16
4 8 17
6 7 15
4 5 14
12 18 20
13 19 21
10 15 24
11 14 23
9 13 24
8 12 23
4 6 25
5 7 26
10 21 22
11 20 22
10 19 33
11 18 33
18 19 32
13 15 37
12 14 37
16 31 36
17 30 36
28 29 32
27 31 35
27 30 34
26 29 35
25 28 34
1 22 27
1 20 21
3 29 31
3 28 30
2 25 26
2 23 24
22
38
1 2 3
0 34 35
0 33 37
0 32 36
19 20 25
6 23 24
5 8 22
13 22 23
6 9 16
8 10 14
9 15 21
12 14 21
11 15 16
7 17 24
9 11 18
10 12 18
8 12 17
13 16 20
14 15 19
4 18 29
4 17 31
10 11 26
6 7 27
5 7 30
5 13 27
4 26 28
21 25 32
22 24 33
25 29 34
19 28 32
23 31 35
20 30 33
3 26 29
2 27 31
1 28 37
1 30 36
3 35 37
2 34 36
23
38
1 2 3
0 32 33
0 34 36
0 35 37
7 8 11
6 9 11
5 8 10
4 9 10
4 6 12
5 7 13
6 7 17
4 5 18
8 15 16
9 14 16
13 20 22
12 19 21
12 13 24
10 23 28
11 23 24
15 22 26
14 21 26
15 20 25
14 19 25
17 18 27
16 18 34
21 22 35
19 20 36
23 31 33
17 29 32
28 30 33
29 31 37
27 30 32
1 28 31
1 27 29
2 24 35
3 25 34
2 26 37
3 30 36
24
38
1 2 3
0 35 37
0 34 36
0 32 33
22 24 30
21 23 30
7 8 17
6 11 14
6 12 13
13 14 16
18 19 29
7 13 18
8 14 19
8 9 11
7 9 12
16 27 29
9 15 26
6 26 27
10 11 24
10 12 23
21 22 28
5 20 24
4 20 23
5 19 22
4 18 21
28 31 32
16 17 37
15 17 36
20 25 33
10 15 33
4 5 32
25 34 35
3 25 30
3 28 29
2 31 37
1 31 36
2 27 35
1 26 34
25
38
1 2 3
0 34 35
0 33 37
0 32 36
5 6 31
4 26 30
4 24 25
8 9 30
7 27 29
7 22 23
11 12 29
10 19 21
10 18 20
15 25 26
16 24 26
13 22 24
14 23 25
18 19 28
12 17 21
11 17 20
12 19 23
11 18 22
9 15 21
9 16 20
6 14 15
6 13 16
5 13 14
8 28 35
17 27 33
8 10 33
5 7 32
4 32 34
3 30 31
2 28 29
1 31 37
1 27 36
3 35 37
2 34 36
26
38
1 2 3
0 34 35
0 33 37
0 32 36
7 8 17
8 16 22
14 15 22
4 10 16
4 5 9
8 10 21
7 9 14
12 14 18
11 19 20
15 18 20
6 10 11
6 13 19
5 7 21
4 26 31
11 13 27
12 15 27
12 13 25
9 16 26
5 6 24
24 25 30
22 23 29
20 23 28
17 21 29
18 19 28
25 27 33
24 26 32
23 33 35
17 32 34
3 29 31
2 28 30
1 31 37
1 30 36
3 35 37
2 34 36
27
38
1 2 3
0 35 37
0 34 36
0 32 33
8 25 28
21 22 30
26 27 29
13 20 29
4 9 10
8 22 24
8 21 23
15 16 18
14 17 18
7 14 15
12 13 16
11 13 17
11 14 26
12 15 27
11 12 19
18 20 24
7 19 23
5 10 24
5 9 23
10 20 22
9 19 21
4 31 32
6 16 37
6 17 36
4 30 33
6 7 33
5 28 32
25 34 35
3 25 30
3 28 29
2 31 37
1 31 36
2 27 35
1 26 34
28
38
1 2 3
0 32 33
0 35 37
0 34 36
5 6 13
4 8 10
4 7 11
6 9 10
5 9 11
7 8 15
5 7 18
6 8 19
13 15 28
4 12 14
13 22 29
9 12 22
21 24 30
20 23 30
10 21 25
11 20 25
17 19 24
16 18 23
14 15 26
17 21 27
16 20 27
18 19 26
22 25 33
23 24 33
12 29 36
14 28 37
16 17 32
32 34 35
1 30 31
1 26 27
3 31 37
2 31 36
3 28 35
2 29 34
29
38
1 2 3
0 34 35
0 33 37
0 32 36
5 6 25
4 16 18
4 15 17
8 12 21
7 10 22
11 13 23
8 23 24
9 22 24
7 13 18
9 12 17
15 16 19
6 14 18
5 14 17
6 13 16
5 12 15
14 20 26
19 21 29
7 20 31
8 11 27
9 10 27
10 11 30
4 26 28
19 25 32
22 23 33
25 29 34
20 28 32
24 31 35
21 30 33
3 26 29
2 27 31
1 28 37
1 30 36
3 35 37
2 34 36
30
38
1 2 3
0 32 33
0 35 37
0 34 36
5 28 30
4 6 7
5 14 21
5 12 13
10 13 14
11 12 14
8 12 17
9 13 18
7 9 10
7 8 11
6 8 9
20 25 29
19 24 29
10 20 23
11 19 23
16 18 25
15 17 24
6 22 28
21 26 30
17 18 26
16 20 27
15 19 27
22 23 33
24 25 33
4 21 37
15 16 32
4 22 36
32 34 35
1 29 31
1 26 27
3 31 37
2 31 36
3 30 35
2 28 34
31
38
1 2 3
0 32 37
0 34 36
0 33 35
21 24 30
22 23 30
14 15 25
10 11 25
9 11 29
8 13 31
7 16 17
7 8 28
17 18 27
9 26 28
6 20 23
6 18 22
10 19 21
10 12 24
12 15 23
16 24 27
14 21 22
4 16 20
5 15 20
5 14 18
4 17 19
6 7 32
13 29 34
12 19 34
11 13 33
8 26 33
4 5 35
9 32 36
1 25 31
3 28 29
2 26 27
3 30 37
2 31 37
1 35 36
32
38
1 2 3
0 32 33
0 34 35
0 36 37
5 13 19
4 6 7
5 12 17
5 11 18
9 10 14
8 11 17
8 12 18
7 9 12
6 10 11
4 15 22
8 16 24
13 16 20
14 15 23
6 9 25
7 10 26
4 20 21
15 19 35
19 22 32
13 21 35
16 28 33
14 27 33
17 31 37
18 30 36
24 28 32
23 27 34
30 31 34
26 29 37
25 29 36
1 21 27
1 23 24
2 28 29
2 20 22
3 26 31
3 25 30
33
38
1 2 3
0 32 37
0 33 36
0 34 35
15 22 23
6 7 14
5 8 31
5 9 30
6 10 12
7 11 13
8 13 17
9 12 17
8 11 16
9 10 16
5 20 21
4 18 19
12 13 24
10 11 25
15 21 27
15 20 26
14 19 27
14 18 26
4 24 28
4 25 29
16 22 34
17 23 35
19 21 33
18 20 32
22 29 35
23 28 34
7 33 37
6 32 36
1 27 31
2 26 30
3 24 29
3 25 28
2 31 37
1 30 36
34
38
1 2 3
0 32 37
0 34 35
0 33 36
5 23 31
4 24 25
7 8 23
6 20 22
6 19 21
16 18 26
15 17 29
13 14 17
13 15 16
11 12 29
11 15 28
10 12 14
9 12 22
10 11 21
9 19 20
8 18 22
7 18 21
8 17 20
7 16 19
4 6 37
5 30 35
5 26 34
9 25 35
28 30 33
14 27 32
10 13 33
24 27 34
4 32 36
1 28 31
3 27 29
2 25 30
2 24 26
3 31 37
1 23 36
35
38
1 2 3
0 35 37
0 34 36
0 32 33
24 26 27
23 25 27
7 8 22
6 17 19
6 16 18
11 15 28
12 13 31
9 17 21
10 19 30
10 18 29
15 17 20
9 14 16
8 15 21
7 11 14
8 13 30
7 12 29
14 26 28
11 16 25
6 23 24
5 22 26
4 22 25
5 21 24
4 20 23
4 5 36
9 20 33
13 19 32
12 18 32
10 34 35
3 29 30
3 28 37
2 31 37
1 31 36
2 27 35
1 33 34
36
38
1 2 3
0 32 37
0 33 36
0 34 35
6 8 18
7 9 19
4 11 13
5 10 12
4 10 14
5 11 15
7 8 16
6 9 17
7 15 17
6 14 16
8 13 21
9 12 20
10 13 24
11 12 25
4 21 23
5 20 22
15 19 37
14 18 37
19 31 36
18 30 35
16 29 34
17 28 33
29 30 32
28 31 32
25 27 36
24 26 35
23 26 34
22 27 33
1 26 27
2 25 31
3 24 30
3 23 29
2 22 28
1 20 21
37
38
1 2 3
0 33 36
0 34 35
0 32 37
7 9 11
6 11 12
5 10 13
4 12 13
9 14 16
4 8 18
6 15 17
4 5 20
5 7 18
6 7 21
8 17 19
10 16 19
8 15 26
10 14 26
9 12 27
14 15 30
11 23 29
13 24 31
24 25 29
20 25 28
21 22 28
22 23 27
16 17 32
18 25 33
23 24 33
20 22 34
19 31 35
21 30 32
3 26 31
1 27 28
2 29 37
2 30 36
1 35 37
3 34 36
38
38
1 2 3
0 34 35
0 32 37
0 33 36
19 22 24
20 21 24
7 17 18
6 8 9
7 12 13
7 11 14
11 12 18
9 10 13
8 10 14
8 11 21
9 12 22
16 25 28
15 23 29
6 23 28
6 10 29
4 20 31
5 19 30
5 13 31
4 14 30
16 17 27
4 5 26
15 26 27
24 25 35
23 25 33
15 17 34
16 18 33
20 22 32
19 21 32
2 30 31
3 27 29
1 28 37
1 26 36
3 35 37
2 34 36
39
38
1 2 3
0 35 37
0 34 36
0 32 33
24 26 27
23 25 27
7 8 31
6 19 21
6 18 20
14 15 28
11 13 14
10 12 15
11 16 22
10 17 22
9 10 16
9 11 17
12 14 20
13 15 21
8 21 29
7 20 29
8 16 19
7 17 18
12 13 25
5 26 30
4 25 30
5 22 24
4 23 28
4 5 36
9 26 35
18 19 32
23 24 33
6 32 34
3 29 31
3 30 37
2 31 37
1 28 36
2 27 35
1 33 34
40
38
1 2 3
0 33 36
0 34 35
0 32 37
6 12 15
6 10 11
4 5 14
8 9 17
7 11 20
7 10 19
5 9 20
5 8 19
4 13 16
12 17 18
6 16 18
4 21 22
12 14 26
7 13 26
13 14 27
9 11 30
8 10 31
15 24 29
15 23 28
22 25 29
21 25 28
23 24 27
16 17 32
18 25 33
22 24 33
21 23 34
19 31 35
20 30 32
3 26 31
1 27 28
2 29 37
2 30 36
1 35 37
3 34 36
41
38
1 2 3
0 34 35
0 32 37
0 33 36
5 6 31
4 26 30
4 24 25
10 24 26
14 23 29
11 13 29
7 11 12
9 10 23
10 21 22
9 14 27
8 13 21
16 17 21
15 18 20
15 19 25
16 19 28
17 18 22
16 22 25
12 14 15
12 19 20
8 11 27
6 7 30
6 17 20
5 7 28
13 23 35
18 26 33
8 9 32
5 24 33
4 32 34
2 29 31
3 28 30
1 31 37
1 27 36
3 35 37
2 34 36
42
38
1 2 3
0 34 35
0 33 37
0 32 36
9 10 12
8 11 13
7 10 13
6 11 12
5 15 19
4 14 18
4 6 20
5 7 21
4 7 16
5 6 16
9 17 19
8 17 18
12 13 28
14 15 30
9 15 29
8 14 29
10 22 31
11 23 26
20 24 27
21 25 27
22 25 26
23 24 28
21 24 35
22 23 33
16 25 33
18 19 32
17 31 32
20 30 34
3 29 30
2 27 28
1 31 37
1 26 36
3 35 37
2 34 36
43
38
1 2 3
0 34 35
0 33 37
0 32 36
9 10 12
8 11 13
7 10 13
6 11 12
5 15 19
4 14 18
4 6 20
5 7 21
4 7 16
5 6 16
9 17 19
8 17 18
12 13 28
14 15 30
9 15 29
8 14 29
10 22 31
11 23 27
20 25 26
21 24 26
23 25 28
22 24 27
22 23 35
21 25 33
16 24 33
18 19 32
17 31 32
20 30 34
3 29 30
2 27 28
1 31 37
1 26 36
3 35 37
2 34 36
44
38
1 2 3
0 32 33
0 34 37
0 35 36
10 12 16
6 16 17
5 11 15
8 9 18
7 11 14
7 10 13
4 9 14
6 8 13
4 15 20
9 11 22
8 10 22
6 12 21
4 5 21
5 27 28
7 25 26
20 23 24
12 19 32
15 16 32
13 14 33
19 28 37
19 27 36
18 31 34
18 30 35
17 24 37
17 23 36
30 31 33
26 29 34
25 29 35
1 20 21
1 22 29
2 25 30
3 26 31
3 24 28
2 23 27
45
38
1 2 3
0 32 37
0 34 36
0 33 35
15 27 31
16 26 31
9 11 17
8 11 18
7 10 17
6 10 18
8 9 14
6 7 13
13 14 30
11 12 15
10 12 16
4 13 26
5 14 27
6 8 20
7 9 21
20 21 30
17 19 23
18 19 22
21 25 29
20 24 28
23 29 32
22 28 32
5 15 34
4 16 34
23 25 33
22 24 33
12 19 36
4 5 35
1 24 25
3 28 29
2 26 27
3 31 37
2 30 37
1 35 36
46
38
1 2 3
0 32 37
0 34 36
0 33 35
5 6 31
4 14 17
4 15 16
8 9 19
7 13 17
7 12 16
14 27 30
15 26 30
9 17 18
8 16 18
5 10 26
6 11 27
6 9 13
5 8 12
12 13 21
7 20 21
19 23 31
18 19 22
21 25 29
20 24 28
23 29 32
22 28 32
11 14 33
10 15 33
23 25 34
22 24 34
10 11 36
4 20 35
1 24 25
3 26 27
2 28 29
3 31 37
2 30 37
1 35 36
47
38
1 2 3
0 35 37
0 34 36
0 32 33
7 8 25
23 24 30
21 22 30
4 24 29
4 20 28
14 17 23
15 16 23
16 17 20
13 19 21
12 18 22
9 16 18
10 17 19
10 11 14
9 11 15
13 14 27
12 15 26
8 11 29
6 12 27
6 13 26
5 9 10
5 7 28
4 31 32
19 22 37
18 21 36
8 24 33
7 20 33
5 6 32
25 34 35
3 25 30
3 28 29
2 31 37
1 31 36
2 27 35
1 26 34
48
38
1 2 3
0 35 37
0 34 36
0 32 33
24 26 27
23 25 27
7 8 31
6 19 21
6 18 20
12 14 22
11 13 28
10 14 15
9 13 15
10 12 17
9 11 17
11 12 16
15 21 22
13 14 20
8 21 29
7 20 29
8 17 19
7 16 18
9 16 25
5 26 30
4 25 30
5 22 24
4 23 28
4 5 36
10 26 35
18 19 32
23 24 33
6 32 34
3 29 31
3 30 37
2 31 37
1 28 36
2 27 35
1 33 34
49
38
1 2 3
0 35 37
0 34 36
0 32 33
24 26 27
23 25 27
7 8 31
6 19 21
6 18 20
14 15 22
11 13 14
10 12 15
11 17 22
10 16 28
9 10 17
9 11 16
13 15 21
12 14 20
8 21 29
7 20 29
8 17 19
7 16 18
9 12 25
5 26 30
4 25 30
5 22 24
4 23 28
4 5 36
13 26 35
18 19 32
23 24 33
6 32 34
3 29 31
3 30 37
2 31 37
1 28 36
2 27 35
1 33 34
50
38
1 2 3
0 33 37
0 34 35
0 32 36
5 6 25
4 13 16
4 14 15
10 17 24
9 17 23
8 14 24
7 13 23
14 16 22
13 15 19
5 10 12
6 9 11
6 12 16
5 11 15
7 8 31
20 22 27
12 21 27
18 21 26
19 20 28
11 18 28
8 10 29
7 9 29
4 26 30
20 25 33
18 19 33
21 22 35
23 24 32
25 31 34
17 30 32
3 29 31
1 26 27
2 30 37
2 28 36
3 35 37
1 34 36
51
38
1 2 3
0 33 37
0 34 35
0 32 36
10 13 14
6 12 14
5 11 13
8 12 17
7 9 20
8 15 16
4 11 18
6 10 19
5 7 16
4 6 20
4 5 19
9 17 18
9 12 31
7 15 31
10 15 29
11 14 28
8 13 30
23 25 26
23 24 27
21 22 30
22 26 29
21 27 28
21 24 33
22 25 35
19 25 32
18 24 34
20 23 33
16 17 32
3 28 31
1 26 30
2 29 37
2 27 36
3 35 37
1 34 36
52
38
1 2 3
0 33 36
0 32 37
0 34 35
5 12 15
4 9 13
7 11 13
6 9 12
10 11 20
5 7 20
8 14 16
6 8 17
4 7 18
5 6 18
10 17 19
4 16 19
10 15 31
11 14 31
12 13 29
14 15 28
8 9 30
23 25 27
23 24 26
21 22 30
22 27 29
21 26 28
22 25 33
21 24 33
19 25 35
18 24 32
20 23 34
16 17 32
2 29 31
1 26 27
3 30 37
3 28 36
1 35 37
2 34 36
53
38
1 2 3
0 34 35
0 33 37
0 32 36
9 10 17
6 8 9
5 11 14
8 14 24
5 7 13
4 5 15
4 12 16
6 12 13
10 11 22
8 11 20
6 7 20
9 16 19
10 15 18
4 18 19
16 17 29
15 17 26
13 14 29
23 25 28
12 23 27
21 22 31
7 26 28
21 27 30
19 24 35
22 25 32
21 24 32
18 20 33
25 31 33
23 30 34
3 27 28
2 29 30
1 31 37
1 26 36
3 35 37
2 34 36
54
38
1 2 3
0 36 37
0 32 35
0 33 34
5 6 31
4 28 30
4 27 29
11 13 17
12 16 19
12 15 18
11 14 20
7 10 29
8 9 30
7 20 23
10 17 24
9 19 26
8 18 25
7 14 21
9 16 22
8 15 22
10 13 21
17 20 35
18 19 34
13 24 36
14 23 37
16 26 37
15 25 36
6 28 33
5 27 32
6 11 35
5 12 34
4 32 33
2 28 31
3 27 31
3 22 30
2 21 29
1 23 26
1 24 25
55
38
1 2 3
0 33 37
0 32 36
0 34 35
5 6 29
4 18 20
4 17 19
10 11 22
10 12 21
11 13 24
7 8 13
7 9 12
8 11 14
9 10 14
12 13 16
16 18 22
14 15 17
6 16 20
5 15 19
6 18 25
5 17 25
8 23 26
7 15 26
21 24 28
9 23 27
19 20 37
21 22 33
24 31 35
23 30 34
4 33 36
28 32 35
27 32 34
2 30 31
1 26 29
3 28 31
3 27 30
2 29 37
1 25 36
56
38
1 2 3
0 32 37
0 33 36
0 34 35
24 25 31
22 23 30
21 23 29
8 9 28
7 13 27
7 12 15
11 13 14
10 15 16
9 14 16
8 10 26
10 12 18
9 11 18
11 12 17
16 20 28
14 15 19
18 20 22
17 19 21
6 20 30
5 19 29
5 6 37
4 27 35
4 26 34
13 25 35
8 24 34
7 17 32
6 22 33
5 21 33
4 32 36
1 28 31
2 29 30
3 25 27
3 24 26
2 31 37
1 23 36
57
38
1 2 3
0 35 37
0 34 36
0 32 33
22 24 30
21 23 30
7 8 17
6 13 14
6 12 15
18 19 29
11 14 19
10 15 18
8 14 16
7 15 16
7 10 12
8 11 13
12 13 26
6 26 27
9 11 24
9 10 23
21 22 28
5 20 24
4 20 23
5 19 22
4 18 21
28 31 32
16 17 37
17 29 36
20 25 33
9 27 33
4 5 32
25 34 35
3 25 30
3 28 29
2 31 37
1 31 36
2 27 35
1 26 34
58
38
1 2 3
0 32 37
0 33 35
0 34 36
7 8 10
6 8 11
5 9 10
4 9 11
4 5 18
6 7 19
4 6 14
5 7 15
13 15 17
12 14 16
10 13 25
11 12 25
13 21 24
12 20 23
8 19 27
9 18 26
17 22 24
16 22 23
20 21 36
17 21 34
16 20 34
14 15 32
19 31 32
18 28 33
27 30 35
30 31 33
28 29 37
26 29 35
1 25 26
2 27 29
3 23 24
2 28 31
3 22 37
1 30 36
59
38
1 2 3
0 34 35
0 33 37
0 32 36
5 6 31
4 24 26
4 23 25
15 27 30
9 10 30
8 17 19
8 16 18
12 28 29
11 13 20
12 19 21
18 20 21
7 16 17
10 15 19
9 15 18
10 14 17
9 13 16
12 14 26
13 14 25
23 24 28
6 22 26
5 22 25
6 21 24
5 20 23
7 29 35
11 22 32
11 27 33
7 8 33
4 32 34
3 28 31
2 29 30
1 31 37
1 27 36
3 35 37
2 34 36
60
38
1 2 3
0 32 36
0 35 37
0 33 34
8 10 17
7 10 16
7 8 9
5 6 17
4 6 16
6 11 25
4 5 25
9 18 22
13 14 29
12 15 28
12 19 26
13 20 27
5 8 29
4 7 28
11 23 31
14 24 27
15 24 26
22 23 30
11 21 32
18 21 36
19 20 37
9 10 33
14 20 35
15 19 35
13 17 34
12 16 34
21 31 33
18 30 32
1 22 31
3 25 30
3 28 29
2 26 27
1 23 37
2 24 36
61
38
1 2 3
0 32 36
0 35 37
0 33 34
5 6 11
4 8 9
4 7 10
6 9 13
5 10 13
5 7 16
6 8 17
4 12 14
11 20 23
7 8 25
11 15 25
14 21 24
9 19 26
10 18 26
17 19 28
16 18 27
12 22 24
15 22 23
20 21 37
12 21 35
15 20 35
13 14 32
16 17 32
19 31 34
18 30 33
30 31 36
28 29 34
27 29 33
1 25 26
3 28 31
3 27 30
2 23 24
1 29 37
2 22 36
62
38
1 2 3
0 36 37
0 32 35
0 33 34
5 6 31
4 28 30
4 27 29
11 13 17
12 16 19
12 15 18
11 14 20
7 10 29
8 9 30
7 20 23
10 17 26
9 19 24
8 18 25
7 14 21
9 16 22
8 15 22
10 13 21
17 20 35
18 19 34
13 24 36
15 23 37
16 26 37
14 25 36
6 28 33
5 27 32
6 11 35
5 12 34
4 32 33
2 28 31
3 27 31
3 22 30
2 21 29
1 23 26
1 24 25
63
38
1 2 3
0 34 35
0 33 37
0 32 36
5 6 31
4 24 30
4 25 26
8 9 30
7 23 29
7 22 27
13 15 23
14 16 23
16 18 20
10 14 20
11 13 22
10 16 22
11 12 15
21 26 28
12 19 26
18 25 28
12 13 24
17 24 25
9 14 15
8 10 11
5 20 21
6 19 21
6 17 18
9 29 35
17 19 32
8 27 33
5 7 33
4 32 34
3 28 31
2 29 30
1 31 37
1 27 36
3 35 37
2 34 36
64
38
1 2 3
0 32 33
0 35 37
0 34 36
5 6 31
4 29 30
4 23 24
8 12 28
7 11 14
10 13 27
9 14 15
8 13 15
7 16 26
9 11 17
8 10 17
10 11 16
12 15 22
13 14 21
19 20 25
18 22 24
18 21 23
17 20 24
16 19 23
6 20 22
6 19 21
18 29 32
12 30 33
9 28 37
7 27 36
5 25 33
5 26 32
4 34 35
1 25 30
1 26 29
3 31 37
2 31 36
3 28 35
2 27 34
65
38
1 2 3
0 33 36
0 34 35
0 32 37
12 13 15
9 10 11
8 11 20
8 10 19
6 7 18
5 12 16
5 7 20
5 6 19
4 9 17
4 14 16
13 17 18
4 21 22
9 13 27
12 14 27
8 14 26
7 11 30
6 10 31
15 25 29
15 24 28
24 25 26
22 23 29
21 23 28
18 23 32
16 17 33
22 25 33
21 24 34
19 31 35
20 30 32
3 26 31
1 27 28
2 29 37
2 30 36
1 35 37
3 34 36
66
38
1 2 3
0 32 33
0 35 37
0 34 36
5 6 31
4 24 30
4 23 29
8 9 27
7 11 25
7 10 26
9 12 25
8 12 26
10 11 14
17 18 27
12 15 16
14 18 19
14 17 20
13 16 19
13 15 20
15 17 21
16 18 22
19 24 28
20 23 28
6 22 30
5 21 29
8 10 37
9 11 32
7 13 36
21 22 32
6 24 33
5 23 33
4 34 35
1 26 28
1 29 30
3 31 37
2 31 36
3 27 35
2 25 34
67
38
1 2 3
0 32 33
0 35 37
0 34 36
5 6 31
4 29 30
4 23 24
18 25 26
9 26 27
8 10 13
9 14 15
12 13 15
11 14 27
9 11 17
10 12 17
10 11 16
15 22 28
13 14 21
7 19 20
18 22 24
18 21 23
17 20 24
16 19 23
6 20 22
6 19 21
7 30 33
7 8 36
8 12 37
16 29 32
5 28 33
5 25 32
4 34 35
1 28 30
1 25 29
3 31 37
2 31 36
3 26 35
2 27 34
68
38
1 2 3
0 36 37
0 32 33
0 34 35
6 8 9
6 7 10
4 5 16
5 9 15
4 10 15
4 7 13
5 8 14
12 13 14
11 19 28
9 11 31
10 11 30
7 8 29
6 22 23
18 24 25
17 26 27
12 20 21
19 23 37
19 29 36
16 24 32
16 20 36
17 22 33
17 28 32
18 31 35
18 30 34
12 25 33
15 21 37
14 27 35
13 26 34
2 22 25
2 24 28
3 27 31
3 26 30
1 21 23
1 20 29
69
38
1 2 3
0 32 33
0 35 37
0 34 36
5 6 31
4 24 30
4 28 29
20 21 24
22 23 24
12 15 16
11 17 29
10 26 27
9 18 19
18 22 26
19 23 27
9 17 21
9 20 25
10 15 20
12 13 23
12 14 22
7 16 17
7 15 25
8 13 19
8 14 18
5 7 8
16 21 33
11 13 37
11 14 36
6 30 33
6 10 32
5 28 32
4 34 35
1 29 30
1 25 28
3 31 37
2 31 36
3 27 35
2 26 34
70
38
1 2 3
0 35 37
0 34 36
0 32 33
5 6 31
4 29 30
4 23 24
9 13 27
9 14 26
7 8 25
11 12 17
10 13 16
10 14 15
7 11 15
8 12 16
12 13 20
11 14 20
10 18 19
17 22 25
17 24 28
15 16 23
22 23 28
18 21 24
6 20 21
6 19 22
9 18 37
8 30 33
7 29 32
19 21 36
5 27 33
5 26 32
4 34 35
3 27 30
3 26 29
2 31 37
1 31 36
2 28 35
1 25 34
71
38
1 2 3
0 33 36
0 32 37
0 34 35
5 6 9
4 7 11
4 8 10
5 10 12
6 11 13
4 23 24
6 7 16
5 8 16
7 15 17
8 14 17
13 20 22
12 19 21
10 11 27
12 13 30
23 25 28
15 22 29
14 21 29
15 20 31
14 19 31
9 18 30
9 26 28
18 26 27
24 25 33
16 25 32
18 24 32
19 20 33
17 23 35
21 22 34
2 27 28
1 26 29
3 31 37
3 30 36
1 35 37
2 34 36
72
38
1 2 3
0 35 37
0 34 36
0 32 33
24 26 27
23 25 27
7 8 31
6 18 21
6 19 20
10 11 14
9 12 16
9 15 29
10 15 22
14 21 28
9 13 18
11 12 19
10 19 29
18 20 22
7 14 17
8 15 16
8 17 21
7 13 20
12 17 25
5 26 30
4 25 30
5 22 24
4 23 28
4 5 36
13 26 34
11 16 32
23 24 33
6 32 35
3 29 31
3 30 37
2 28 37
1 31 36
2 27 35
1 33 34
73
38
1 2 3
0 35 37
0 34 36
0 32 33
24 26 27
23 25 27
7 8 31
6 18 21
6 19 20
10 11 14
9 12 16
9 15 29
10 15 22
14 21 22
9 13 18
11 12 19
10 19 29
18 20 28
7 14 17
8 15 16
8 17 21
7 13 20
12 13 25
5 26 30
4 25 30
5 22 24
4 23 28
4 5 36
17 26 34
11 16 32
23 24 33
6 32 35
3 29 31
3 30 37
2 28 37
1 31 36
2 27 35
1 33 34
74
38
1 2 3
0 34 35
0 32 37
0 33 36
13 22 24
12 14 24
8 20 21
9 14 20
6 9 19
7 8 10
9 17 18
12 13 18
5 11 22
4 11 21
5 7 19
16 25 28
15 23 29
10 23 28
10 11 29
8 14 31
6 7 31
6 13 30
4 12 30
16 17 27
4 5 26
15 26 27
24 25 35
23 25 33
15 17 34
16 18 33
21 22 32
19 20 32
2 30 31
3 27 29
1 28 37
1 26 36
3 35 37
2 34 36
75
38
1 2 3
0 34 35
0 33 37
0 32 36
5 6 31
4 26 29
4 25 30
8 9 28
7 16 19
7 17 18
11 12 15
10 14 20
10 13 27
12 17 20
11 17 27
10 16 21
8 15 22
9 13 14
9 19 22
8 18 21
11 13 24
15 19 24
16 18 23
22 26 28
20 21 25
6 24 29
5 23 30
12 14 32
7 23 34
5 25 35
6 26 33
4 32 33
3 27 31
2 30 31
1 28 37
1 29 36
3 35 37
2 34 36
76
38
1 2 3
0 32 37
0 34 35
0 33 36
14 15 18
13 16 18
9 11 22
8 11 19
7 16 21
6 10 14
9 15 19
6 7 15
13 14 20
5 12 21
4 9 12
4 10 11
5 8 20
23 24 30
4 5 24
7 10 27
12 16 26
8 13 26
6 27 29
17 25 28
17 18 37
23 31 35
20 21 33
19 22 32
23 29 34
22 28 35
17 32 36
25 33 34
1 27 30
3 26 31
2 28 31
2 25 29
3 30 37
1 24 36
77
38
1 2 3
0 34 35
0 33 37
0 32 36
5 6 31
4 26 30
4 25 29
8 9 28
7 16 19
7 17 18
11 12 15
10 14 20
10 13 27
12 17 20
11 17 27
10 16 21
8 15 22
9 13 14
9 19 22
8 18 21
11 13 24
15 19 24
16 18 23
22 26 28
20 21 25
6 24 30
5 23 29
12 14 32
7 23 34
6 26 35
5 25 33
4 32 33
3 27 31
2 30 31
1 28 37
1 29 36
3 35 37
2 34 36
78
38
1 2 3
0 32 33
0 35 37
0 34 36
5 6 31
4 21 22
4 23 24
8 9 10
7 11 14
7 13 26
7 12 25
8 20 30
10 15 26
9 16 25
8 16 18
12 23 28
13 14 24
18 24 28
14 17 23
20 21 27
11 19 22
5 19 30
5 20 29
6 15 18
6 16 17
10 13 33
9 12 33
19 29 32
15 17 32
22 27 37
11 21 36
4 34 35
1 27 28
1 25 26
3 31 37
2 31 36
3 30 35
2 29 34
79
38
1 2 3
0 34 35
0 33 37
0 32 36
5 6 31
4 26 29
4 25 30
8 9 28
7 17 19
7 16 18
11 12 20
10 13 21
10 15 27
11 14 27
13 19 20
12 18 21
9 19 22
8 18 22
9 15 17
8 14 16
10 14 24
11 15 23
16 17 24
21 26 28
20 22 25
6 24 29
5 23 30
12 13 32
7 23 34
5 25 35
6 26 33
4 32 33
3 27 31
2 30 31
1 28 37
1 29 36
3 35 37
2 34 36
80
38
1 2 3
0 34 35
0 33 37
0 32 36
5 6 31
4 26 30
4 25 29
8 9 28
7 17 19
7 16 18
11 12 20
10 13 21
10 15 27
11 14 27
13 19 20
12 18 21
9 19 22
8 18 22
9 15 17
8 14 16
10 14 24
11 15 23
16 17 24
21 26 28
20 22 25
6 24 30
5 23 29
12 13 32
7 23 34
6 26 35
5 25 33
4 32 33
3 27 31
2 30 31
1 28 37
1 29 36
3 35 37
2 34 36
81
38
1 2 3
0 34 35
0 33 37
0 32 36
5 6 31
4 26 29
4 25 30
8 9 28
7 17 19
7 16 18
11 12 20
10 13 27
10 15 21
11 14 21
13 19 20
12 18 27
9 19 22
8 18 22
9 15 17
8 14 16
10 14 24
12 13 23
16 17 24
21 26 28
20 22 25
6 24 29
5 23 30
11 15 32
7 23 34
5 25 35
6 26 33
4 32 33
3 27 31
2 30 31
1 28 37
1 29 36
3 35 37
2 34 36
82
38
1 2 3
0 32 33
0 35 37
0 34 36
5 6 31
4 24 28
4 29 30
8 9 24
7 20 23
7 21 22
14 15 27
12 13 25
11 15 17
11 14 16
10 13 17
10 12 16
13 15 21
12 14 20
20 22 27
21 23 26
8 17 18
9 16 19
9 18 23
8 19 22
5 7 25
11 24 36
19 29 37
10 18 32
5 30 33
6 26 33
6 28 32
4 34 35
1 27 30
1 28 29
3 31 37
2 31 36
3 25 35
2 26 34
83
38
1 2 3
0 35 37
0 34 36
0 32 33
25 26 31
23 24 26
20 22 30
19 21 30
9 18 24
8 10 16
9 12 15
15 17 27
10 13 17
12 14 28
13 15 16
10 11 14
9 14 22
11 12 21
8 19 20
7 18 22
6 18 21
7 17 20
6 16 19
5 29 31
5 8 25
4 24 29
4 5 36
11 28 34
13 27 35
23 25 33
6 7 32
4 23 32
3 30 31
3 29 37
2 27 37
1 28 36
2 26 35
1 33 34
84
38
1 2 3
0 34 35
0 32 37
0 33 36
14 22 24
13 21 24
7 8 20
6 11 18
6 10 19
10 17 18
8 9 12
7 12 19
10 11 14
5 20 22
4 12 21
16 25 28
15 23 29
9 23 28
7 9 29
8 11 30
6 13 30
5 14 31
4 13 31
16 17 27
4 5 26
15 26 27
24 25 35
23 25 33
15 17 34
16 18 33
19 20 32
21 22 32
2 30 31
3 27 29
1 28 37
1 26 36
3 35 37
2 34 36
85
38
1 2 3
0 32 37
0 34 36
0 33 35
18 20 31
11 12 28
10 24 28
17 22 29
18 26 29
10 11 30
6 9 25
5 9 24
5 14 23
15 19 23
12 16 17
13 16 21
14 15 22
7 14 21
4 8 27
13 20 27
4 19 26
15 17 25
7 16 25
12 13 24
6 11 23
10 21 22
8 20 34
18 19 34
5 6 33
7 8 36
9 32 33
4 32 35
1 30 31
3 28 30
2 26 27
3 31 37
2 29 37
1 35 36
86
38
1 2 3
0 32 33
0 35 37
0 34 36
5 6 31
4 21 22
4 23 24
8 9 25
7 10 26
7 11 27
8 12 28
9 12 14
10 11 13
12 18 20
11 17 19
20 22 30
19 21 29
14 18 23
13 17 24
14 16 24
13 15 23
5 16 30
5 15 29
6 17 20
6 18 19
7 28 33
8 27 33
9 26 37
10 25 36
16 22 32
15 21 32
4 34 35
1 29 30
1 25 26
3 31 37
2 31 36
3 28 35
2 27 34
87
38
1 2 3
0 33 37
0 34 35
0 32 36
12 14 15
11 13 15
7 13 16
6 8 17
7 9 19
8 10 16
9 12 17
5 14 20
4 10 20
5 6 18
4 11 18
4 5 19
6 9 31
7 10 31
13 14 29
8 15 30
11 12 28
23 25 26
23 24 27
21 22 30
22 26 29
21 27 28
21 24 33
22 25 35
20 25 32
18 24 34
19 23 33
16 17 32
3 28 31
1 26 30
2 29 37
2 27 36
3 35 37
1 34 36
88
38
1 2 3
0 34 35
0 33 37
0 32 36
5 6 31
4 26 29
4 25 30
8 9 28
7 16 19
7 17 18
13 15 21
12 15 20
11 14 21
10 14 20
12 13 17
10 11 16
8 15 22
9 14 27
9 19 22
8 18 27
11 13 24
10 12 23
16 18 24
21 26 28
20 22 25
6 24 29
5 23 30
17 19 32
7 23 34
5 25 35
6 26 33
4 32 33
3 27 31
2 30 31
1 28 37
1 29 36
3 35 37
2 34 36
89
38
1 2 3
0 34 35
0 32 37
0 33 36
7 21 29
12 27 28
8 27 30
4 8 9
6 7 20
7 24 25
18 19 20
16 17 20
5 13 26
12 14 15
13 22 23
13 17 18
11 18 25
11 15 19
10 15 16
10 17 23
8 10 11
4 31 36
14 24 34
14 19 35
9 22 35
9 16 34
12 30 37
5 6 37
5 29 36
4 28 33
6 26 32
21 32 33
2 30 31
3 29 31
1 22 25
1 23 24
3 21 28
2 26 27
90
38
1 2 3
0 35 37
0 34 36
0 32 33
5 6 31
4 24 30
4 28 29
8 9 24
7 21 23
7 20 22
11 17 27
10 13 16
16 18 25
11 14 18
13 15 26
14 16 17
11 12 15
10 15 23
12 13 22
20 21 26
9 19 23
8 19 22
9 18 21
8 17 20
5 7 25
12 24 37
14 19 33
10 28 36
6 27 32
6 30 33
5 29 32
4 34 35
3 28 30
3 26 29
2 31 37
1 31 36
2 27 35
1 25 34
91
38
1 2 3
0 34 35
0 32 37
0 33 36
7 21 29
20 27 28
11 27 30
4 8 9
7 18 25
7 19 20
11 22 24
6 10 12
11 13 14
12 15 17
12 16 23
13 16 18
14 15 19
13 19 23
8 15 24
9 16 17
5 9 26
4 31 36
10 25 35
14 17 35
10 18 34
8 22 34
20 30 37
5 6 37
5 29 36
4 28 33
6 26 32
21 32 33
2 30 31
3 29 31
1 24 25
1 22 23
3 21 28
2 26 27
92
38
1 2 3
0 34 35
0 33 37
0 32 36
5 6 31
4 26 30
4 25 29
8 9 28
7 17 19
7 16 18
14 15 20
12 15 27
11 13 20
12 14 21
10 13 27
10 11 18
9 19 22
8 18 22
9 15 17
8 16 21
10 12 24
13 19 23
16 17 24
21 26 28
20 22 25
6 24 30
5 23 29
11 14 32
7 23 34
6 26 35
5 25 33
4 32 33
3 27 31
2 30 31
1 28 37
1 29 36
3 35 37
2 34 36
93
38
1 2 3
0 33 36
0 32 37
0 34 35
14 16 24
13 15 24
9 10 18
8 10 20
7 12 18
6 12 20
6 7 11
10 16 22
8 9 15
5 16 19
4 15 19
5 12 14
4 11 13
23 25 29
6 8 31
13 14 27
7 9 30
22 23 26
11 21 29
17 21 28
4 5 28
17 26 27
21 25 34
19 25 32
23 24 33
17 22 33
20 31 35
18 30 32
2 27 31
1 28 29
3 26 37
3 30 36
1 35 37
2 34 36
94
38
1 2 3
0 33 36
0 34 35
0 32 37
11 12 15
9 10 12
7 8 14
6 10 20
6 9 18
5 8 20
5 7 18
4 13 17
4 5 16
11 16 19
6 17 19
4 21 22
12 13 26
11 14 26
8 10 31
13 14 27
7 9 30
15 25 29
15 24 28
24 25 27
22 23 29
21 23 28
16 17 32
19 23 33
22 25 35
21 24 32
20 31 33
18 30 34
3 26 29
1 27 30
2 31 37
2 28 36
1 35 37
3 34 36
95
38
1 2 3
0 32 37
0 34 36
0 33 35
5 7 11
4 8 9
7 9 30
4 6 15
5 10 15
5 6 13
8 12 14
4 13 14
10 17 22
9 11 25
10 11 24
7 8 23
20 21 31
12 18 19
17 25 29
17 23 26
16 22 28
16 24 27
12 20 27
15 19 29
14 21 28
13 18 26
19 25 33
21 22 34
20 24 34
18 23 33
6 32 36
16 32 35
1 30 31
3 26 29
2 27 28
3 31 37
2 30 37
1 35 36
96
38
1 2 3
0 32 33
0 35 37
0 34 36
5 6 13
4 12 28
4 11 29
8 20 21
7 9 10
8 11 28
8 12 29
6 9 12
5 10 11
4 16 17
17 18 30
16 19 30
13 15 18
13 14 19
14 16 22
15 17 23
7 23 24
7 22 25
18 21 27
19 20 26
20 25 27
21 24 26
23 25 33
22 24 33
5 9 36
6 10 37
14 15 32
32 34 35
1 30 31
1 26 27
3 31 37
2 31 36
3 28 35
2 29 34
97
38
1 2 3
0 33 36
0 32 37
0 34 35
5 6 23
4 21 22
4 15 16
8 9 10
7 12 19
7 11 20
7 17 18
9 12 13
8 11 14
11 16 19
12 16 20
6 30 31
6 13 14
10 22 24
10 21 25
8 13 28
9 14 29
5 18 24
5 17 25
4 26 27
17 21 32
18 22 33
23 29 35
23 28 34
19 27 35
20 26 34
15 33 37
15 32 36
2 24 31
1 25 30
3 27 29
3 26 28
1 31 37
2 30 36
98
38
1 2 3
0 34 35
0 32 37
0 33 36
8 13 21
11 12 13
10 14 31
8 9 30
4 7 20
7 12 16
6 11 15
5 10 16
5 9 15
4 5 19
6 17 18
10 12 29
9 11 29
14 23 28
14 22 27
13 20 25
8 19 26
4 25 26
18 24 28
17 24 27
22 23 35
19 21 35
20 21 34
18 23 33
17 22 32
15 16 34
7 33 37
6 32 36
2 28 31
3 27 30
1 26 29
1 24 25
3 31 37
2 30 36
99
38
1 2 3
0 32 37
0 34 35
0 33 36
5 23 31
4 24 25
7 8 23
6 20 21
6 19 22
16 18 30
15 17 29
15 20 26
16 19 26
14 18 22
13 17 21
10 11 21
9 12 22
10 14 20
9 13 19
8 12 18
7 11 17
7 14 15
8 13 16
4 6 37
5 28 35
5 27 34
11 12 33
25 30 35
24 29 34
10 28 32
9 27 33
4 32 36
1 29 31
3 26 30
2 25 28
2 24 27
3 31 37
1 23 36
100
38
1 2 3
0 32 37
0 34 35
0 33 36
14 15 18
13 16 18
7 8 22
6 16 21
6 12 15
10 11 14
9 13 20
9 15 19
8 14 19
5 10 21
4 9 12
4 8 11
5 7 20
23 24 30
4 5 24
11 12 27
10 16 26
7 13 26
6 27 29
17 25 28
17 18 37
23 31 35
20 21 33
19 22 32
23 29 34
22 28 35
17 32 36
25 33 34
1 27 30
3 26 31
2 28 31
2 25 29
3 30 37
1 24 36
101
38
1 2 3
0 34 35
0 32 37
0 33 36
7 8 24
16 19 23
14 15 19
4 14 16
4 9 10
8 12 15
8 11 13
10 15 21
9 13 21
10 12 22
6 7 23
6 9 11
5 7 22
20 25 28
20 24 27
5 6 26
17 18 30
11 12 31
13 16 29
5 14 29
4 18 28
17 26 27
19 25 34
18 25 32
17 24 32
22 23 33
20 31 35
21 30 33
2 27 28
3 29 31
1 26 37
1 30 36
3 35 37
2 34 36
102
38
1 2 3
0 35 37
0 34 36
0 32 33
5 6 31
4 21 23
4 22 24
8 9 27
7 11 12
7 14 15
11 25 28
8 10 26
8 13 25
12 16 26
9 16 17
9 18 20
13 14 21
14 23 30
15 24 29
20 24 27
15 19 22
5 16 30
6 20 29
5 17 28
6 18 19
10 12 32
11 13 32
7 19 36
10 23 33
18 22 37
17 21 33
4 34 35
3 25 26
3 28 30
2 31 37
1 31 36
2 27 35
1 29 34
103
38
1 2 3
0 32 37
0 33 36
0 34 35
5 23 31
4 24 25
7 23 26
6 8 9
7 19 22
7 20 21
11 12 27
10 14 16
10 13 15
12 16 30
11 15 30
12 14 20
11 13 19
20 22 27
19 21 28
8 16 18
9 15 17
9 18 22
8 17 21
4 6 37
5 29 35
5 26 34
6 25 35
10 17 32
18 29 33
24 28 34
13 14 33
4 32 36
1 27 31
2 28 30
3 25 29
3 24 26
2 31 37
1 23 36
104
38
1 2 3
0 33 37
0 32 36
0 34 35
5 6 15
4 14 27
4 13 26
9 10 27
11 12 26
7 16 20
7 17 23
8 19 22
8 18 21
6 14 25
5 13 24
4 24 25
9 23 28
10 20 30
12 22 31
11 21 29
9 17 32
12 19 33
11 18 33
10 16 32
14 15 37
13 15 36
6 8 37
5 7 36
16 29 34
19 28 35
17 31 35
18 30 34
2 20 23
1 21 22
3 28 31
3 29 30
2 25 27
1 24 26
105
38
1 2 3
0 32 37
0 34 36
0 33 35
5 29 30
4 14 28
19 27 31
18 26 31
9 10 14
8 12 16
8 11 17
10 15 16
9 15 17
20 28 30
5 8 21
11 12 21
9 11 22
10 12 23
7 23 27
6 22 26
13 24 29
14 15 24
16 19 25
17 18 25
20 21 32
22 23 32
7 19 34
6 18 34
5 13 33
4 20 33
4 13 36
6 7 35
1 24 25
3 28 29
2 26 27
3 31 37
2 30 37
1 35 36
106
38
1 2 3
0 35 36
0 32 37
0 33 34
6 8 14
7 9 15
4 9 11
5 8 11
4 7 10
5 6 10
8 9 18
6 7 19
15 17 21
14 16 20
4 13 17
5 12 16
13 15 23
12 14 23
10 19 29
11 18 22
13 26 28
12 25 27
19 30 33
16 17 35
29 31 34
21 28 37
20 27 37
21 26 36
20 25 36
18 24 35
22 32 34
24 32 33
2 30 31
3 22 31
3 24 30
1 23 29
1 27 28
2 25 26
107
38
1 2 3
0 33 36
0 32 37
0 34 35
5 6 31
4 24 26
4 23 25
10 11 30
17 20 29
18 19 29
7 13 15
7 14 16
13 17 22
10 12 14
11 13 21
10 16 21
11 15 28
8 12 18
9 17 27
9 20 28
8 19 27
14 15 24
12 25 26
6 26 30
5 21 25
6 22 24
5 22 23
18 20 33
16 19 35
8 9 34
7 23 32
4 32 33
2 30 31
1 27 31
3 29 37
3 28 36
1 35 37
2 34 36
108
38
1 2 3
0 32 35
0 34 37
0 33 36
7 9 12
6 9 13
5 8 12
4 8 13
6 7 11
4 5 10
9 11 31
8 10 30
4 6 28
5 7 29
16 23 26
17 22 26
14 22 30
15 23 31
21 25 27
20 24 27
19 25 29
18 24 28
15 16 33
14 17 33
19 21 34
18 20 34
14 15 37
18 19 36
12 21 35
13 20 35
11 16 32
10 17 32
1 30 31
3 22 23
2 24 25
1 28 29
3 27 37
2 26 36
109
38
1 2 3
0 35 37
0 34 36
0 32 33
7 8 25
23 29 30
24 28 30
4 26 27
4 21 22
11 13 26
12 14 27
9 14 16
10 13 16
9 12 15
10 11 15
13 14 20
11 12 19
18 22 23
17 21 24
16 20 22
15 19 21
8 18 20
8 17 19
5 17 28
6 18 29
4 31 32
7 9 37
7 10 36
6 23 33
5 24 33
5 6 32
25 34 35
3 25 30
3 28 29
2 31 37
1 31 36
2 27 35
1 26 34
110
38
1 2 3
0 32 33
0 35 37
0 34 36
14 15 20
16 17 19
9 18 21
8 20 21
7 9 13
6 8 19
12 17 31
12 16 30
10 11 29
8 18 24
4 23 27
4 22 28
5 11 31
5 10 30
6 13 25
5 9 29
4 7 25
6 7 24
15 26 27
14 26 28
13 21 32
18 20 33
22 23 33
14 22 36
15 23 37
12 19 32
11 17 35
10 16 34
1 24 29
1 25 26
3 31 35
2 30 34
3 27 37
2 28 36
111
38
1 2 3
0 35 37
0 34 36
0 32 33
5 6 31
4 24 30
4 28 29
8 9 24
7 21 22
7 20 23
14 15 27
12 13 25
11 15 16
11 14 17
10 13 16
10 12 17
12 14 20
13 15 21
21 23 26
20 22 26
9 16 19
8 17 18
8 19 23
9 18 22
5 7 25
11 24 37
18 19 33
10 28 36
6 27 32
6 30 33
5 29 32
4 34 35
3 28 30
3 26 29
2 31 37
1 31 36
2 27 35
1 25 34
112
38
1 2 3
0 34 35
0 33 37
0 32 36
5 6 31
4 24 26
4 23 25
12 14 27
13 15 27
10 11 28
9 18 21
9 19 20
7 13 30
8 12 29
7 16 29
8 17 30
14 19 21
15 18 20
10 17 19
11 16 18
11 17 26
10 16 25
23 24 28
6 22 26
5 22 25
6 21 24
5 20 23
7 8 35
9 22 32
13 14 33
12 15 33
4 32 34
3 28 31
2 29 30
1 31 37
1 27 36
3 35 37
2 34 36
113
38
1 2 3
0 32 37
0 34 36
0 33 35
22 23 30
21 24 30
9 11 31
8 12 26
7 9 28
6 8 29
11 26 29
6 10 28
7 15 16
16 17 27
15 18 27
12 14 17
12 13 18
13 15 21
14 16 22
22 24 25
21 23 25
5 17 20
4 18 19
4 20 24
5 19 23
19 20 32
7 10 34
13 14 34
8 11 33
9 10 33
4 5 35
6 32 36
1 25 31
3 28 29
2 26 27
3 30 37
2 31 37
1 35 36
114
38
1 2 3
0 32 37
0 34 36
0 33 35
5 6 15
4 8 11
4 9 10
12 13 17
5 10 12
6 11 13
6 8 19
5 9 19
7 8 25
7 9 24
15 23 31
4 14 18
21 22 30
7 18 20
15 17 27
10 11 26
17 23 26
16 25 29
16 24 28
14 20 27
13 22 29
12 21 28
19 20 34
18 23 34
22 25 33
21 24 33
16 32 36
14 32 35
1 30 31
3 28 29
2 26 27
3 31 37
2 30 37
1 35 36
115
38
1 2 3
0 34 35
0 33 37
0 32 36
5 15 25
4 6 7
5 13 14
5 11 12
10 14 23
10 22 24
8 9 21
7 14 16
7 13 20
6 12 16
6 8 11
4 17 28
11 13 26
15 19 31
19 21 28
17 18 27
12 22 29
10 18 31
9 20 30
8 24 30
9 23 29
4 26 27
16 25 35
19 25 32
15 18 34
20 24 33
22 23 33
17 21 32
3 27 31
2 29 30
1 28 37
1 26 36
3 35 37
2 34 36
116
38
1 2 3
0 33 37
0 35 36
0 32 34
9 14 17
9 15 16
8 12 13
8 9 19
6 7 18
4 5 7
12 16 20
13 17 21
6 10 21
6 11 20
4 15 23
5 14 22
5 10 23
4 11 22
8 26 27
7 24 25
10 13 29
11 12 29
15 17 28
14 16 28
19 27 31
19 26 30
18 25 31
18 24 30
22 23 33
20 21 32
25 27 35
24 26 34
3 29 36
1 28 35
3 31 37
2 30 33
2 32 37
1 34 36
117
38
1 2 3
0 33 36
0 34 35
0 32 37
5 6 15
4 14 20
4 13 19
8 9 18
7 10 17
7 11 16
8 12 16
9 13 17
10 14 18
6 11 20
5 12 19
4 21 22
9 10 31
8 11 26
7 12 26
6 14 27
5 13 27
15 25 29
15 24 28
24 25 30
22 23 29
21 23 28
17 18 35
19 20 32
22 25 33
21 24 34
23 31 33
16 30 32
3 27 31
1 28 30
2 29 37
2 26 36
1 35 37
3 34 36
118
38
1 2 3
0 32 37
0 33 36
0 34 35
5 6 31
4 22 23
4 20 21
8 9 24
7 15 30
7 13 29
11 12 13
10 25 28
10 26 27
9 10 30
16 17 22
8 22 29
14 18 21
14 19 20
16 20 27
17 21 28
6 17 18
6 16 19
5 14 15
5 24 37
7 23 32
11 26 35
12 25 34
12 18 35
11 19 34
9 15 33
8 13 33
4 32 36
1 24 31
2 29 30
3 26 28
3 25 27
2 31 37
1 23 36
119
38
1 2 3
0 35 37
0 34 36
0 32 33
24 26 27
23 25 27
7 21 31
6 10 11
17 20 22
18 19 22
7 14 15
7 13 16
13 14 21
11 12 15
10 12 16
10 13 19
11 14 20
8 18 29
9 17 28
9 15 29
8 16 28
6 12 26
8 9 25
5 26 30
4 25 30
5 22 24
4 21 23
4 5 36
18 20 32
17 19 32
23 24 33
6 34 35
3 28 29
3 30 37
2 31 37
1 31 36
2 27 35
1 33 34
120
38
1 2 3
0 32 33
0 34 37
0 35 36
8 11 12
9 10 16
7 10 11
6 9 12
4 13 17
5 7 14
5 6 15
4 6 14
4 7 15
8 18 21
9 11 27
10 12 28
5 24 25
8 22 26
13 20 22
20 21 23
18 19 37
13 19 34
17 18 34
19 24 32
16 23 33
16 26 32
17 25 33
14 31 36
15 30 35
30 31 37
28 29 36
27 29 35
1 23 25
1 24 26
2 21 22
3 28 31
3 27 30
2 20 29
121
38
1 2 3
0 33 34
0 32 35
0 36 37
5 8 10
4 11 12
7 9 11
6 10 12
4 18 19
6 13 16
4 7 17
5 6 17
5 7 16
9 14 15
13 20 25
13 21 24
9 12 27
10 11 26
8 23 28
8 22 29
14 22 24
15 23 25
19 20 37
18 21 36
15 20 35
14 21 35
17 31 34
16 30 33
18 29 37
19 28 36
27 32 34
26 32 33
2 30 31
1 27 31
1 26 30
2 24 25
3 23 29
3 22 28
122
38
1 2 3
0 32 36
0 35 37
0 33 34
9 12 13
8 10 11
7 11 12
6 10 13
5 16 21
4 17 20
5 7 14
5 6 15
4 6 14
4 7 15
10 12 22
11 13 23
8 19 29
9 18 28
17 19 24
16 18 25
9 24 27
8 25 26
14 31 34
15 30 33
18 20 37
19 21 36
21 29 35
20 28 35
17 27 37
16 26 36
23 32 34
22 32 33
1 30 31
3 23 31
3 22 30
2 26 27
1 25 29
2 24 28
123
38
1 2 3
0 35 37
0 34 36
0 32 33
5 6 31
4 24 30
4 28 29
8 9 24
7 20 23
7 21 22
19 26 27
14 15 27
15 17 25
14 16 25
11 13 17
11 12 16
13 15 21
12 14 20
20 22 26
10 21 23
8 17 18
9 16 19
9 18 23
8 19 22
5 7 28
12 13 33
10 18 37
10 11 36
6 24 32
6 30 33
5 29 32
4 34 35
3 28 30
3 25 29
2 31 37
1 31 36
2 27 35
1 26 34
124
38
1 2 3
0 34 35
0 33 36
0 32 37
10 11 23
22 30 31
7 14 15
6 16 17
9 15 17
8 13 16
4 14 21
4 12 20
11 13 21
9 12 18
6 10 20
6 8 19
7 9 19
7 8 18
13 17 29
15 16 24
11 14 25
10 12 25
5 26 28
4 24 27
19 23 32
20 21 33
22 29 35
23 28 35
22 27 34
18 26 34
5 33 37
5 32 36
3 24 31
2 25 30
1 28 29
1 26 27
2 31 37
3 30 36
125
38
1 2 3
0 33 37
0 32 36
0 34 35
5 15 25
4 6 7
5 12 13
5 11 14
10 21 24
10 22 23
8 9 20
7 13 19
6 14 19
6 11 23
7 12 24
4 16 28
15 18 31
18 20 28
16 17 27
11 12 26
10 17 31
8 22 30
9 21 29
9 13 30
8 14 29
4 26 27
19 25 35
18 25 34
15 17 32
22 24 33
21 23 33
16 20 32
2 28 31
1 29 30
3 27 37
3 26 36
2 35 37
1 34 36
126
38
1 2 3
0 32 37
0 34 36
0 33 35
5 7 31
4 8 10
7 9 10
4 6 13
5 9 13
6 8 12
5 6 15
12 14 16
9 11 25
7 8 22
11 15 23
10 14 24
11 20 21
18 19 30
17 25 29
17 23 28
16 22 27
16 24 26
13 20 26
14 19 29
15 21 27
12 18 28
21 22 34
20 24 34
19 25 33
18 23 33
17 32 36
4 32 35
1 30 31
3 28 29
2 26 27
3 31 37
2 30 37
1 35 36
127
38
1 2 3
0 34 35
0 33 37
0 32 36
5 6 31
4 24 26
4 23 25
10 19 27
9 18 27
8 19 30
7 18 30
12 20 29
11 13 14
12 17 21
12 15 16
14 17 20
14 19 21
13 15 18
8 10 17
7 9 16
11 15 26
13 16 25
23 24 28
6 22 26
5 22 25
6 21 24
5 20 23
7 8 35
22 29 32
11 28 33
9 10 33
4 32 34
3 28 31
2 29 30
1 31 37
1 27 36
3 35 37
2 34 36
128
38
1 2 3
0 35 36
0 32 37
0 33 34
5 13 15
4 6 7
5 10 11
5 9 12
9 10 14
7 8 11
6 8 12
6 9 18
7 10 19
4 17 20
8 15 17
4 14 16
15 21 25
13 14 25
11 22 24
12 22 23
13 26 27
16 28 29
18 19 35
19 31 34
18 30 33
16 17 35
20 29 37
20 28 36
21 27 37
21 26 36
24 32 34
23 32 33
2 30 31
3 24 31
3 23 30
1 22 25
1 27 29
2 26 28
129
38
1 2 3
0 34 35
0 33 37
0 32 36
5 6 31
4 23 25
4 24 26
9 10 14
9 11 29
7 8 12
7 11 13
8 10 17
9 13 17
10 12 16
7 20 21
25 27 29
13 25 28
11 12 23
21 26 30
22 24 30
14 22 23
14 18 24
19 20 26
5 17 20
6 19 21
5 15 16
6 18 22
15 28 35
16 27 33
8 15 33
18 19 32
4 32 34
3 30 31
2 28 29
1 31 37
1 27 36
3 35 37
2 34 36
130
38
1 2 3
0 32 37
0 34 36
0 33 35
12 19 29
8 9 19
10 11 26
16 26 27
5 11 15
5 13 14
6 14 17
6 8 13
4 13 15
9 11 12
9 10 15
8 12 14
7 28 30
10 18 28
17 27 30
4 5 22
23 25 31
22 24 31
19 21 25
20 24 29
21 23 32
20 22 32
6 7 34
7 18 33
16 17 33
4 23 34
16 18 36
20 21 35
1 24 25
3 27 28
2 26 29
3 31 37
2 30 37
1 35 36
131
38
1 2 3
0 34 35
0 33 37
0 32 36
5 28 31
4 6 7
5 24 26
5 23 25
11 12 27
10 13 27
9 12 29
8 13 29
8 10 19
9 11 20
17 18 28
16 17 20
15 18 19
14 15 22
14 16 21
12 16 22
13 15 21
18 20 26
17 19 25
7 26 30
6 25 30
7 22 24
6 21 23
8 9 35
4 14 33
10 11 33
23 24 32
4 32 34
3 30 31
2 28 29
1 31 37
1 27 36
3 35 37
2 34 36
132
38
1 2 3
0 35 37
0 34 36
0 32 33
23 26 27
24 25 27
7 8 22
6 15 21
6 16 17
10 21 28
9 15 19
12 14 31
11 17 30
14 16 30
11 13 29
7 10 20
8 13 18
8 12 29
16 19 26
10 18 23
15 24 28
7 9 24
6 23 25
4 19 22
5 20 21
5 22 26
4 18 25
4 5 36
9 20 33
14 17 32
12 13 32
11 34 35
3 29 30
3 28 37
2 31 37
1 31 36
2 27 35
1 33 34
133
38
1 2 3
0 35 37
0 34 36
0 32 33
23 26 27
24 25 27
7 8 22
6 17 18
6 15 16
11 21 28
13 14 31
9 12 19
11 15 20
10 17 30
10 16 29
8 12 21
8 14 30
7 13 29
7 19 26
11 18 23
12 24 28
9 15 24
6 23 25
4 19 22
5 20 21
5 22 26
4 18 25
4 5 36
9 20 33
14 17 32
13 16 32
10 34 35
3 29 30
3 28 37
2 31 37
1 31 36
2 27 35
1 33 34
134
38
1 2 3
0 35 37
0 34 36
0 32 33
5 6 31
4 24 30
4 28 29
8 9 24
7 21 23
7 20 22
11 12 27
10 16 18
10 14 15
14 16 25
12 13 18
12 16 17
11 13 15
15 23 26
11 14 22
20 21 26
9 19 23
8 19 22
9 18 21
8 17 20
5 7 25
13 24 33
17 19 37
10 28 36
6 27 32
6 30 33
5 29 32
4 34 35
3 28 30
3 25 29
2 31 37
1 31 36
2 27 35
1 26 34
135
38
1 2 3
0 32 37
0 33 35
0 34 36
5 23 31
4 6 7
5 19 22
5 20 21
10 11 18
10 12 30
8 9 17
8 14 28
9 16 24
15 25 28
11 15 27
13 14 26
12 19 29
10 20 24
8 19 21
6 16 18
7 17 30
7 18 22
6 21 29
4 26 37
12 17 33
13 27 35
15 23 32
14 25 34
11 13 34
16 22 35
9 20 33
4 32 36
1 26 31
2 24 30
3 27 28
2 25 29
3 31 37
1 23 36
136
38
1 2 3
0 32 33
0 35 37
0 34 36
5 6 31
4 24 29
4 28 30
8 9 24
7 21 23
7 20 22
11 12 25
10 16 18
10 14 15
14 16 27
12 13 18
12 16 17
11 13 15
15 23 26
11 14 22
20 21 25
9 19 23
8 19 22
9 18 21
8 17 20
5 7 28
10 19 32
17 27 37
13 26 36
6 24 33
5 30 33
6 29 32
4 34 35
1 25 30
1 28 29
3 31 37
2 31 36
3 27 35
2 26 34
137
38
1 2 3
0 34 35
0 32 37
0 33 36
7 8 24
13 16 19
14 15 19
4 12 15
4 14 16
12 21 23
11 13 23
10 21 22
7 9 22
5 10 14
6 8 13
6 7 16
5 8 15
20 25 28
20 24 27
5 6 26
17 18 30
9 11 31
11 12 29
9 10 29
4 18 28
17 26 27
19 25 34
18 25 32
17 24 32
22 23 33
20 31 35
21 30 33
2 27 28
3 29 31
1 26 37
1 30 36
3 35 37
2 34 36
138
38
1 2 3
0 34 35
0 32 33
0 36 37
15 16 17
6 8 19
5 7 18
6 11 12
5 9 10
8 12 13
8 11 14
7 10 13
7 9 14
9 11 20
10 12 21
4 26 27
4 21 28
4 20 29
6 24 25
5 22 23
13 17 37
14 16 36
19 24 33
19 30 32
18 22 32
18 27 35
15 31 35
15 25 34
16 29 37
17 28 36
23 31 33
26 30 34
2 23 24
2 22 30
1 27 31
1 25 26
3 21 29
3 20 28
139
38
1 2 3
0 34 35
0 33 37
0 32 36
19 20 25
6 23 24
5 8 22
13 22 23
6 9 16
8 10 14
9 15 21
12 14 21
11 15 16
7 17 24
9 11 18
10 12 18
8 12 17
13 16 20
14 15 19
4 18 29
4 17 30
10 11 26
6 7 27
5 7 31
5 13 27
4 26 28
21 25 32
22 24 33
25 29 34
19 28 32
20 31 35
23 30 33
3 26 29
2 27 31
1 28 37
1 30 36
3 35 37
2 34 36
140
38
1 2 3
0 35 37
0 34 36
0 32 33
5 6 31
4 29 30
4 23 24
11 12 16
11 13 26
15 26 28
12 14 15
7 8 14
7 10 13
8 12 17
10 11 17
9 10 27
7 21 25
13 14 22
19 20 25
18 22 24
18 21 23
16 20 24
17 19 23
6 20 22
6 19 21
16 18 36
8 9 37
15 30 33
9 29 32
5 28 33
5 27 32
4 34 35
3 28 30
3 27 29
2 31 37
1 31 36
2 25 35
1 26 34
141
38
1 2 3
0 35 37
0 34 36
0 32 33
23 26 27
24 25 27
12 13 31
8 16 17
7 19 20
10 11 18
9 14 22
9 15 21
6 14 29
6 15 28
10 12 28
11 13 29
7 26 30
7 18 23
9 17 26
8 22 25
8 21 24
11 20 25
10 19 24
4 17 30
5 20 22
5 19 21
4 16 18
4 5 36
13 14 32
12 15 32
16 23 33
6 34 35
3 28 29
3 30 37
2 31 37
1 31 36
2 27 35
1 33 34
142
38
1 2 3
0 35 37
0 34 36
0 32 33
23 26 27
24 25 27
12 13 31
8 19 21
7 16 17
11 18 20
11 15 22
9 10 14
6 15 29
6 14 28
11 13 29
10 12 28
8 26 30
8 18 23
9 17 26
7 22 25
9 21 25
7 20 24
10 19 24
4 17 30
5 21 22
5 19 20
4 16 18
4 5 36
13 15 32
12 14 32
16 23 33
6 34 35
3 28 29
3 30 37
2 31 37
1 31 36
2 27 35
1 33 34
143
38
1 2 3
0 35 37
0 34 36
0 32 33
5 6 31
4 21 22
4 23 24
9 13 14
9 11 12
7 8 25
15 25 26
8 14 17
8 13 18
7 12 17
7 11 20
10 23 27
23 26 28
11 13 24
12 21 29
20 22 30
14 19 24
5 18 30
5 19 29
6 15 16
6 17 20
9 10 37
10 16 33
15 28 33
16 27 36
18 22 32
19 21 32
4 34 35
3 29 30
3 26 27
2 31 37
1 31 36
2 28 35
1 25 34
144
38
1 2 3
0 33 36
0 32 37
0 34 35
20 24 25
18 19 23
11 17 25
13 21 22
9 12 21
8 10 22
9 13 23
6 12 24
8 11 13
7 10 12
16 19 29
16 18 31
14 15 30
6 20 28
5 15 29
5 14 31
4 17 27
7 8 30
7 9 27
5 10 26
4 11 28
4 6 26
23 25 32
20 22 33
17 24 33
14 18 35
16 21 34
15 19 32
2 26 31
1 27 28
3 30 37
3 29 36
1 35 37
2 34 36
145
38
1 2 3
0 32 33
0 36 37
0 34 35
5 7 9
4 6 18
5 10 17
4 8 14
7 12 15
4 12 13
6 11 16
10 19 23
8 9 22
9 14 23
7 13 22
8 16 21
10 15 20
6 25 27
5 24 26
11 20 21
16 19 28
15 19 30
12 14 30
11 13 28
18 27 29
17 26 29
18 25 31
17 24 31
20 23 32
24 25 35
21 22 34
26 27 33
1 28 36
1 31 37
3 30 37
3 29 36
2 32 35
2 33 34
146
38
1 2 3
0 32 33
0 35 37
0 34 36
5 6 21
4 17 18
4 15 16
8 9 10
7 14 29
7 13 30
7 11 19
10 12 17
11 18 28
9 14 15
8 13 16
6 13 29
6 14 30
5 11 20
5 12 19
10 18 25
17 24 28
4 22 23
21 25 27
21 24 26
20 23 27
19 22 26
23 25 33
22 24 33
12 20 32
8 15 36
9 16 37
32 34 35
1 28 31
1 26 27
3 31 37
2 31 36
3 29 35
2 30 34
147
38
1 2 3
0 32 33
0 36 37
0 34 35
5 6 17
4 10 16
4 7 9
6 11 13
9 13 18
6 8 12
5 14 15
7 12 14
9 11 23
7 8 23
10 11 22
10 19 21
5 25 27
4 24 26
8 20 21
15 20 22
18 19 28
15 18 30
14 19 30
12 13 28
17 27 29
16 26 29
17 25 31
16 24 31
20 23 32
24 25 35
21 22 34
26 27 33
1 28 36
1 31 37
3 30 37
3 29 36
2 32 35
2 33 34
148
38
1 2 3
0 34 35
0 32 37
0 33 36
5 6 31
4 25 26
4 23 24
8 9 16
7 14 15
7 12 13
13 14 27
12 14 28
9 11 27
9 10 28
8 10 11
8 18 21
7 17 19
16 23 29
15 22 26
16 22 24
21 26 30
15 20 25
18 19 25
6 17 30
6 19 29
5 21 22
5 18 20
10 12 35
11 13 32
17 24 33
20 23 33
4 32 34
2 28 31
3 29 30
1 31 37
1 27 36
3 35 37
2 34 36
149
38
1 2 3
0 34 35
0 32 37
0 33 36
5 6 31
4 23 26
4 24 25
8 20 30
7 9 21
8 10 11
9 14 17
9 15 16
16 17 27
15 17 28
10 18 19
11 13 27
11 12 28
10 12 13
14 22 26
14 20 23
7 19 26
8 25 29
18 23 24
5 19 22
6 22 29
6 21 30
5 18 20
12 15 35
13 16 32
21 24 33
7 25 33
4 32 34
2 28 31
3 29 30
1 31 37
1 27 36
3 35 37
2 34 36
150
38
1 2 3
0 34 35
0 32 37
0 33 36
13 15 23
11 14 17
10 12 14
8 10 17
7 11 20
13 18 19
6 7 16
5 8 16
6 21 22
4 9 31
5 6 30
4 20 29
10 11 25
5 7 25
9 22 27
9 21 26
8 15 24
12 19 27
12 18 26
4 24 28
20 23 34
16 17 35
19 22 33
18 21 32
23 29 35
15 28 34
14 33 37
13 32 36
2 27 31
3 26 30
1 24 29
1 25 28
3 31 37
2 30 36
151
38
1 2 3
0 33 36
0 34 35
0 32 37
5 7 9
4 6 10
5 8 12
4 8 11
6 7 19
4 13 17
5 11 19
7 10 18
6 22 24
9 16 21
18 23 25
16 17 20
13 15 31
9 15 27
11 14 30
8 10 26
15 21 26
13 20 27
12 25 29
14 24 29
12 23 28
14 22 28
19 20 32
17 21 33
24 25 35
22 23 32
18 31 33
16 30 34
3 26 29
1 27 30
2 31 37
2 28 36
1 35 37
3 34 36
152
38
1 2 3
0 33 36
0 34 35
0 32 37
5 6 13
4 7 11
4 10 12
5 8 9
7 15 19
7 14 20
6 11 17
5 10 18
6 21 22
4 17 18
9 16 19
8 16 20
14 15 26
10 13 26
11 13 27
8 14 31
9 15 30
12 25 29
12 24 28
24 25 27
22 23 29
21 23 28
16 17 32
18 23 33
22 25 35
21 24 32
20 31 33
19 30 34
3 26 29
1 27 30
2 31 37
2 28 36
1 35 37
3 34 36
153
38
1 2 3
0 34 37
0 35 36
0 32 33
7 12 16
6 13 17
5 15 19
4 14 18
9 12 20
8 13 21
11 15 22
10 14 23
4 8 28
5 9 29
7 11 30
6 10 31
4 20 24
5 21 27
7 23 26
6 22 25
8 16 34
9 17 35
10 19 36
11 18 37
16 28 32
19 31 33
18 30 33
17 29 32
12 24 34
13 27 35
14 26 37
15 25 36
3 24 27
3 25 26
1 20 28
2 21 29
2 22 31
1 23 30
154
38
1 2 3
0 35 37
0 34 36
0 32 33
24 26 27
23 25 27
7 8 31
6 17 18
6 19 20
13 14 22
15 16 21
16 20 29
14 15 19
9 17 28
9 12 18
10 12 20
10 11 19
7 13 29
7 14 28
8 12 16
8 11 15
10 22 26
9 21 25
5 26 30
4 25 30
5 22 24
4 21 23
4 5 36
13 18 32
11 17 32
23 24 33
6 34 35
3 28 29
3 30 37
2 31 37
1 31 36
2 27 35
1 33 34
155
38
1 2 3
0 32 37
0 33 35
0 34 36
8 9 15
6 7 14
5 9 10
5 8 11
4 7 10
4 6 11
6 8 20
7 9 21
13 16 23
12 17 22
5 15 23
4 14 22
12 28 30
13 29 31
21 25 27
20 24 26
10 19 37
11 18 37
13 15 32
12 14 32
19 27 34
18 26 34
19 25 33
18 24 33
16 31 36
17 30 36
16 29 35
17 28 35
1 22 23
2 26 27
3 24 25
2 30 31
3 28 29
1 20 21
156
38
1 2 3
0 32 37
0 34 35
0 33 36
5 29 30
4 14 28
19 27 31
18 26 31
9 10 14
8 12 16
8 11 17
10 15 16
9 15 17
20 28 30
5 8 21
11 12 21
9 11 22
10 12 23
7 23 27
6 22 26
13 24 29
14 15 24
16 19 25
17 18 25
20 21 32
22 23 32
7 19 34
6 18 34
5 13 33
4 20 33
4 13 36
6 7 35
1 24 25
3 28 29
2 26 27
2 31 37
3 30 37
1 35 36
157
38
1 2 3
0 35 37
0 34 36
0 32 33
23 26 27
24 25 27
7 8 19
6 15 18
6 16 17
13 14 20
11 12 31
10 15 29
10 16 28
9 18 22
9 17 21
7 11 28
8 12 29
8 14 22
7 13 21
6 20 26
9 19 23
14 18 24
13 17 24
4 20 30
5 21 22
5 26 30
4 19 25
4 5 36
12 15 32
11 16 32
23 25 33
10 34 35
3 28 29
3 30 37
2 31 37
1 31 36
2 27 35
1 33 34
158
38
1 2 3
0 35 37
0 34 36
0 32 33
24 26 27
23 25 27
7 8 31
6 20 29
6 18 19
10 18 20
9 21 22
15 16 19
14 17 19
14 15 28
12 13 16
11 13 17
11 14 21
12 15 22
8 9 29
8 11 12
7 9 28
10 16 26
10 17 25
5 26 30
4 25 30
5 22 24
4 21 23
4 5 36
13 20 32
7 18 32
23 24 33
6 34 35
3 28 29
3 30 37
2 31 37
1 31 36
2 27 35
1 33 34
159
38
1 2 3
0 35 37
0 34 36
0 32 33
5 6 31
4 29 30
4 23 24
11 13 15
9 10 25
8 14 27
8 13 17
7 12 17
11 14 16
7 10 16
9 12 26
7 19 28
12 13 20
10 11 20
19 22 25
15 18 24
16 17 23
22 24 28
18 21 23
6 20 22
6 19 21
8 18 37
14 30 33
9 29 32
15 21 36
5 27 33
5 26 32
4 34 35
3 27 30
3 26 29
2 31 37
1 31 36
2 28 35
1 25 34
160
38
1 2 3
0 35 37
0 34 36
0 32 33
5 6 31
4 29 30
4 23 24
9 14 27
9 13 25
7 8 26
12 14 16
12 13 15
10 11 17
8 11 16
7 10 15
11 14 20
10 13 20
12 18 19
17 22 25
17 24 28
15 16 23
22 23 28
18 21 24
6 20 21
6 19 22
8 18 37
9 30 33
7 29 32
19 21 36
5 27 33
5 26 32
4 34 35
3 27 30
3 26 29
2 31 37
1 31 36
2 28 35
1 25 34
161
38
1 2 3
0 32 36
0 33 37
0 34 35
5 6 17
4 7 16
4 8 10
5 9 11
6 9 12
7 8 13
6 13 15
7 12 14
8 11 23
9 10 23
11 19 22
10 18 21
5 25 27
4 24 26
15 20 22
14 20 21
18 19 28
15 19 31
14 18 31
12 13 28
17 27 29
16 26 29
17 25 30
16 24 30
20 23 32
24 25 33
26 27 35
21 22 34
1 28 33
2 29 32
3 31 37
3 30 36
1 35 37
2 34 36
162
38
1 2 3
0 33 36
0 34 35
0 32 37
5 6 31
4 26 30
4 25 29
8 9 28
7 17 19
7 16 18
12 14 27
13 15 27
10 13 21
11 12 20
10 18 20
11 19 21
9 19 22
8 18 22
9 14 17
8 15 16
13 14 24
12 15 24
16 17 23
22 25 28
20 21 26
6 23 30
5 24 29
10 11 35
7 23 32
6 26 33
5 25 34
4 32 33
3 28 31
1 29 31
2 30 37
2 27 36
1 35 37
3 34 36
163
38
1 2 3
0 34 35
0 33 36
0 32 37
7 11 23
6 14 16
5 9 17
4 8 17
7 9 16
6 8 18
11 12 15
4 10 13
10 21 22
11 19 20
5 30 31
10 18 29
5 8 25
6 7 25
9 15 24
13 22 26
13 21 27
12 20 26
12 19 27
4 24 28
18 23 34
16 17 35
19 21 32
20 22 33
23 29 35
15 28 34
14 33 37
14 32 36
3 26 31
2 27 30
1 24 29
1 25 28
2 31 37
3 30 36
164
38
1 2 3
0 32 37
0 34 36
0 33 35
22 23 30
21 24 30
9 11 31
8 19 20
7 9 28
6 8 29
11 25 29
6 10 28
15 16 26
16 17 27
15 18 27
12 14 17
12 13 18
13 15 21
14 16 22
7 22 24
7 21 23
5 17 20
4 18 19
4 20 24
5 19 23
10 26 32
12 25 34
13 14 34
8 11 33
9 10 33
4 5 35
6 32 36
1 25 31
3 28 29
2 26 27
3 30 37
2 31 37
1 35 36
165
38
1 2 3
0 32 33
0 35 37
0 34 36
5 25 31
4 6 7
5 24 30
5 22 23
11 22 24
14 21 29
13 20 29
8 16 23
13 14 25
10 12 21
9 12 20
16 22 27
11 15 19
18 26 28
17 19 21
16 18 20
10 14 19
9 13 18
7 8 15
7 11 27
6 8 28
4 12 37
17 30 33
15 23 33
17 24 32
9 10 36
6 26 32
4 34 35
1 28 30
1 26 27
3 31 37
2 31 36
3 29 35
2 25 34
166
38
1 2 3
0 35 37
0 34 36
0 32 33
24 26 27
23 25 27
7 8 31
6 18 20
6 17 19
10 12 29
9 11 15
10 14 22
9 13 28
12 14 18
11 13 20
10 17 28
18 19 21
8 15 29
7 13 16
8 16 20
7 14 19
16 22 26
11 21 25
5 26 30
4 25 30
5 22 24
4 21 23
4 5 36
12 15 32
9 17 32
23 24 33
6 34 35
3 28 29
3 30 37
2 31 37
1 31 36
2 27 35
1 33 34
167
38
1 2 3
0 32 37
0 33 35
0 34 36
5 23 31
4 6 7
5 22 30
5 20 21
9 20 22
8 10 11
9 19 26
9 17 18
17 24 25
16 18 29
15 17 29
14 16 28
13 15 27
11 12 14
11 13 28
10 21 25
7 8 30
7 19 22
6 8 21
4 27 37
12 26 33
12 19 35
10 24 35
16 23 32
15 18 34
13 14 34
6 20 33
4 32 36
1 27 31
2 24 30
3 28 29
2 25 26
3 31 37
1 23 36
168
38
1 2 3
0 32 33
0 34 37
0 35 36
11 12 16
6 7 15
5 9 13
5 8 14
7 10 13
6 10 14
8 9 12
4 15 23
4 10 22
6 8 20
7 9 21
5 11 22
4 24 25
23 26 27
21 30 31
20 28 29
13 19 33
14 18 33
12 15 32
11 17 32
16 27 37
16 26 36
17 25 37
17 24 36
19 31 34
19 30 35
18 29 34
18 28 35
1 22 23
1 20 21
2 28 30
3 29 31
3 25 27
2 24 26
169
38
1 2 3
0 35 37
0 34 36
0 32 33
7 8 25
23 24 30
21 22 30
4 20 29
4 19 28
11 13 23
12 14 24
9 14 16
10 13 16
9 12 15
10 11 15
13 14 17
11 12 18
15 21 26
16 22 27
8 24 29
7 23 28
6 17 27
6 18 26
5 9 20
5 10 19
4 31 32
17 22 37
18 21 36
8 20 33
7 19 33
5 6 32
25 34 35
3 25 30
3 28 29
2 31 37
1 31 36
2 27 35
1 26 34
170
38
1 2 3
0 32 37
0 34 36
0 33 35
15 27 31
16 26 31
9 11 17
8 11 18
7 10 17
6 10 18
8 9 14
6 7 13
13 14 30
11 12 15
10 12 16
4 13 26
5 14 27
6 8 20
7 9 21
20 21 30
17 19 23
18 19 22
21 25 29
20 24 28
23 29 32
22 28 32
5 15 33
4 16 33
23 25 34
22 24 34
12 19 36
4 5 35
1 24 25
3 26 27
2 28 29
3 31 37
2 30 37
1 35 36
171
38
1 2 3
0 32 37
0 34 36
0 33 35
22 24 30
21 23 30
9 12 25
10 17 25
9 11 29
6 8 28
7 18 19
8 13 31
6 15 18
11 26 28
20 23 27
12 17 22
19 21 27
7 15 24
10 12 24
10 16 23
14 21 22
5 16 20
4 15 20
5 14 19
4 17 18
6 7 32
13 29 34
14 16 34
9 13 33
8 26 33
4 5 35
11 32 36
1 25 31
3 28 29
2 26 27
3 30 37
2 31 37
1 35 36
172
38
1 2 3
0 34 35
0 33 37
0 32 36
5 6 31
4 26 30
4 25 29
10 13 27
9 12 14
8 11 27
7 16 19
9 15 20
8 20 28
7 14 17
8 13 19
11 18 28
10 17 18
13 16 22
15 16 21
10 14 22
11 12 21
18 20 24
17 19 23
22 24 26
21 23 25
6 24 30
5 23 29
7 9 35
12 15 33
6 26 32
5 25 34
4 32 33
3 29 31
2 28 31
1 30 37
1 27 36
3 35 37
2 34 36
173
38
1 2 3
0 34 35
0 33 37
0 32 36
9 11 13
8 10 12
7 13 20
6 12 19
5 9 22
4 8 21
5 15 19
4 14 16
5 7 18
4 6 17
11 17 20
10 16 18
11 15 27
13 14 27
12 15 26
7 10 26
6 14 30
9 25 29
8 24 28
24 25 31
22 23 29
21 23 28
18 19 33
16 17 33
22 25 32
21 24 32
20 31 35
23 30 34
3 28 29
2 26 27
1 31 37
1 30 36
3 35 37
2 34 36
174
38
1 2 3
0 32 33
0 35 37
0 34 36
7 8 30
8 20 25
7 19 25
4 6 20
4 5 19
13 15 16
12 14 16
12 13 23
10 11 15
9 11 14
10 13 21
9 12 22
9 10 17
16 18 20
17 19 23
6 8 18
5 7 17
14 24 29
15 28 29
11 18 27
21 27 28
5 6 26
25 30 33
23 24 33
22 24 37
21 22 36
4 26 32
32 34 35
1 30 31
1 26 27
3 31 37
2 31 36
3 29 35
2 28 34
175
38
1 2 3
0 35 37
0 34 36
0 32 33
9 25 28
21 22 30
19 20 29
12 26 27
15 16 27
4 10 11
9 22 24
9 21 23
7 13 14
12 16 17
12 15 18
8 14 17
8 13 18
13 15 19
14 16 20
6 17 24
6 18 23
5 11 24
5 10 23
11 20 22
10 19 21
4 31 32
7 29 37
7 8 36
4 30 33
6 26 33
5 28 32
25 34 35
3 25 30
3 28 29
2 31 37
1 31 36
2 27 35
1 26 34
176
38
1 2 3
0 34 35
0 33 37
0 32 36
5 6 31
4 23 26
4 24 25
8 27 28
7 9 10
8 15 18
8 13 14
13 15 16
14 17 21
10 11 18
10 12 15
9 11 14
11 23 28
12 22 26
9 13 26
22 25 29
21 24 29
12 20 25
17 19 24
5 16 30
6 20 22
6 19 21
5 17 18
7 30 35
7 16 33
19 20 32
23 27 33
4 32 34
3 29 31
2 28 30
1 31 37
1 27 36
3 35 37
2 34 36
177
38
1 2 3
0 33 36
0 34 35
0 32 37
9 10 13
7 8 12
7 11 13
5 6 15
5 9 18
4 8 19
4 14 21
6 12 16
5 11 17
4 6 22
10 18 20
7 16 17
11 15 29
12 15 30
8 14 26
9 20 26
14 19 29
10 24 28
13 23 27
22 25 28
21 25 27
23 24 31
18 19 32
22 24 33
21 23 33
16 20 32
17 31 35
25 30 34
3 26 29
1 27 28
2 31 37
2 30 36
1 35 37
3 34 36
178
38
1 2 3
0 32 33
0 35 37
0 34 36
5 6 31
4 24 30
4 28 29
21 23 24
20 22 24
13 25 27
14 16 18
12 13 18
11 15 16
9 11 14
10 13 15
12 14 17
10 12 26
15 23 25
10 11 22
20 21 29
8 19 23
7 19 22
8 18 21
7 17 20
5 7 8
9 17 33
16 27 37
9 26 36
6 30 33
6 19 32
5 28 32
4 34 35
1 29 30
1 25 28
3 31 37
2 31 36
3 27 35
2 26 34
179
38
1 2 3
0 35 37
0 33 34
0 32 36
10 13 21
7 9 11
7 12 20
5 6 14
9 15 19
5 8 16
4 11 16
5 10 15
6 13 18
4 12 17
7 17 18
8 11 25
9 10 25
13 14 24
12 14 23
8 27 29
6 22 23
4 26 28
20 31 34
18 20 35
17 30 33
15 16 35
21 29 37
19 28 37
21 27 36
19 26 36
24 32 34
22 32 33
3 30 31
2 24 31
2 22 30
1 23 25
3 28 29
1 26 27
180
38
1 2 3
0 35 37
0 34 36
0 32 33
5 6 31
4 29 30
4 23 24
11 12 15
9 25 26
8 10 13
9 14 27
7 14 17
7 13 16
9 12 17
10 11 16
7 19 28
12 14 20
11 13 20
19 22 25
15 18 24
16 17 23
22 24 28
18 21 23
6 20 22
6 19 21
8 18 37
8 30 33
10 29 32
15 21 36
5 27 33
5 26 32
4 34 35
3 27 30
3 26 29
2 31 37
1 31 36
2 28 35
1 25 34
181
38
1 2 3
0 35 36
0 32 37
0 33 34
5 9 12
4 10 11
7 9 10
6 8 11
7 13 17
4 6 16
5 6 17
5 7 16
4 15 19
8 14 18
13 21 24
12 20 25
9 11 23
8 10 22
13 19 25
12 18 24
15 27 29
14 26 28
17 31 34
16 30 33
14 19 35
15 18 35
21 29 37
20 28 37
21 27 36
20 26 36
23 32 34
22 32 33
2 30 31
3 23 31
3 22 30
1 24 25
1 28 29
2 26 27
182
38
1 2 3
0 32 37
0 33 36
0 34 35
22 23 31
7 14 30
7 9 15
5 6 8
7 12 13
6 10 11
9 13 16
9 12 17
8 11 16
8 10 17
5 20 21
6 18 19
10 12 24
11 13 25
15 21 27
15 20 26
14 19 27
14 18 26
4 25 28
4 24 29
16 23 35
17 22 34
19 21 33
18 20 32
22 29 35
23 28 34
5 33 37
4 32 36
1 27 31
2 26 30
3 25 29
3 24 28
2 31 37
1 30 36
183
38
1 2 3
0 32 37
0 33 36
0 34 35
5 6 31
4 25 29
4 23 24
8 9 29
7 22 28
7 25 30
19 21 22
18 20 22
16 24 27
14 15 24
13 23 27
13 21 26
12 20 23
18 19 26
11 17 21
10 17 20
11 16 19
10 15 18
8 10 11
6 14 16
6 12 13
5 9 28
15 17 32
12 14 33
8 25 34
5 7 34
9 32 36
4 33 35
1 26 30
2 27 31
3 28 29
3 31 37
2 30 37
1 35 36
184
38
1 2 3
0 32 37
0 33 35
0 34 36
5 23 31
4 6 7
5 22 30
5 20 21
9 20 22
8 10 11
9 18 29
9 17 19
13 14 29
12 19 27
12 18 28
16 19 26
15 21 25
11 24 25
10 14 27
11 13 15
7 8 30
7 16 22
6 8 21
4 28 37
17 26 33
16 17 35
15 24 35
13 18 34
14 23 32
10 12 34
6 20 33
4 32 36
1 28 31
2 24 30
3 27 29
2 25 26
3 31 37
1 23 36
185
38
1 2 3
0 32 37
0 34 35
0 33 36
5 23 31
4 24 25
7 8 23
6 19 22
6 20 21
10 11 15
9 13 17
9 12 16
11 17 30
10 16 29
15 22 26
9 14 19
11 13 20
10 12 20
19 21 26
7 15 18
8 16 17
8 18 22
7 14 21
4 6 37
5 28 35
5 27 34
14 18 33
25 30 35
24 29 34
13 28 32
12 27 33
4 32 36
1 29 31
3 26 30
2 25 28
2 24 27
3 31 37
1 23 36
186
38
1 2 3
0 32 36
0 33 37
0 34 35
11 12 16
9 10 12
7 9 11
6 8 17
7 13 14
5 6 16
5 11 15
4 6 10
4 5 20
8 15 23
8 18 22
10 13 21
4 9 22
7 26 27
14 21 23
20 24 25
12 19 28
15 18 28
14 16 31
13 18 31
19 27 29
19 26 30
17 25 29
17 24 30
20 21 32
24 26 33
25 27 35
22 23 34
1 28 33
2 29 32
3 31 37
3 30 36
1 35 37
2 34 36
187
38
1 2 3
0 35 37
0 34 36
0 32 33
5 6 31
4 24 30
4 23 29
19 21 22
18 20 22
11 13 25
13 14 27
9 12 14
11 16 27
9 10 16
10 11 15
14 21 26
12 13 20
18 19 26
8 17 21
7 17 20
8 16 19
7 15 18
7 8 24
6 28 30
5 22 29
9 28 33
15 17 37
10 12 33
23 25 36
6 24 32
5 23 32
4 34 35
3 29 30
3 25 27
2 31 37
1 31 36
2 28 35
1 26 34
188
38
1 2 3
0 34 35
0 33 36
0 32 37
23 30 31
12 15 16
13 14 16
8 9 22
7 12 17
7 13 18
11 14 20
10 15 19
5 8 19
6 9 20
6 10 18
5 11 17
5 6 21
8 15 25
9 14 24
11 12 25
10 13 24
16 22 29
7 21 28
4 26 27
18 20 33
17 19 32
23 29 35
23 28 34
22 27 35
21 26 34
4 33 37
4 32 36
3 25 31
2 24 30
1 27 29
1 26 28
2 31 37
3 30 36
189
38
1 2 3
0 34 35
0 32 37
0 33 36
7 8 24
14 16 19
13 15 19
4 9 11
4 10 12
7 10 23
8 9 22
7 15 22
8 16 23
6 16 21
5 15 21
6 11 14
5 12 13
20 25 28
20 24 27
5 6 26
17 18 31
13 14 30
10 11 29
9 12 29
4 18 28
17 26 27
19 25 32
18 25 34
17 24 33
22 23 32
21 31 35
20 30 33
2 26 29
3 28 31
1 27 37
1 30 36
3 35 37
2 34 36
190
38
1 2 3
0 32 37
0 34 36
0 33 35
5 7 11
4 9 10
7 8 9
4 6 15
6 13 31
5 6 14
5 12 15
4 13 14
10 17 22
8 11 25
9 11 24
7 10 23
20 21 30
12 18 19
17 23 27
17 24 26
16 25 29
16 22 28
12 21 29
15 18 26
14 19 27
13 20 28
19 23 34
18 24 34
21 25 33
20 22 33
16 32 36
8 32 35
1 30 31
3 28 29
2 26 27
3 31 37
2 30 37
1 35 36
191
38
1 2 3
0 35 36
0 32 37
0 33 34
5 6 7
4 9 13
4 8 12
4 10 14
6 11 13
5 11 12
7 16 21
8 9 17
6 9 18
5 8 19
7 15 17
14 16 20
10 15 23
11 14 23
12 19 29
13 18 22
15 26 28
10 25 27
19 30 33
16 17 35
29 31 34
21 28 37
20 27 37
21 26 36
20 25 36
18 24 35
22 32 34
24 32 33
2 30 31
3 22 31
3 24 30
1 23 29
1 27 28
2 25 26
192
38
1 2 3
0 34 35
0 33 37
0 32 36
5 6 31
4 26 27
4 24 25
8 9 28
7 15 17
7 14 16
12 13 19
12 18 22
10 11 20
10 16 18
9 17 30
8 16 30
9 13 15
8 14 19
11 13 26
10 17 26
12 21 24
20 25 29
11 23 25
22 24 29
6 20 23
6 21 22
5 18 19
5 28 35
7 27 33
21 23 32
14 15 33
4 32 34
3 29 31
2 28 30
1 31 37
1 27 36
3 35 37
2 34 36
193
38
1 2 3
0 34 35
0 33 37
0 32 36
5 28 31
4 6 7
5 24 26
5 23 25
9 10 20
8 17 19
8 15 16
12 15 27
11 16 17
14 15 17
13 16 29
10 11 13
10 12 14
9 12 13
19 22 28
9 18 21
8 21 22
19 20 26
18 20 25
7 26 30
6 25 30
7 22 24
6 21 23
11 29 35
4 18 33
14 27 33
23 24 32
4 32 34
3 30 31
2 28 29
1 31 37
1 27 36
3 35 37
2 34 36
194
38
1 2 3
0 32 37
0 34 36
0 33 35
21 24 30
22 23 30
7 16 20
6 8 28
7 15 29
10 17 27
9 11 18
10 13 19
13 18 25
11 12 17
15 26 28
8 14 31
6 19 24
9 13 22
10 12 22
11 16 21
6 21 23
4 19 20
5 17 18
5 20 24
4 16 23
12 27 32
14 29 34
9 25 34
7 14 33
8 26 33
4 5 35
15 32 36
1 25 31
3 28 29
2 26 27
3 30 37
2 31 37
1 35 36
195
38
1 2 3
0 33 36
0 32 37
0 34 35
5 6 7
4 11 14
4 9 12
4 8 13
7 9 11
6 8 10
9 15 20
5 8 21
6 13 22
7 12 16
5 16 19
10 17 18
13 14 31
15 22 28
15 21 27
14 23 26
10 24 29
11 18 28
12 17 27
19 25 29
20 25 26
23 24 30
19 24 32
18 22 33
17 21 33
20 23 32
25 31 35
16 30 34
2 26 29
1 27 28
3 31 37
3 30 36
1 35 37
2 34 36
196
38
1 2 3
0 33 37
0 34 35
0 32 36
11 13 15
10 12 14
8 15 17
9 14 17
6 9 20
7 8 16
5 13 18
4 12 18
5 11 19
4 10 19
5 7 20
4 6 16
9 15 31
6 7 31
10 11 29
12 13 28
8 14 30
23 25 26
23 24 27
21 22 30
22 26 29
21 27 28
21 24 33
22 25 35
19 25 32
18 24 34
20 23 33
16 17 32
3 28 31
1 26 30
2 29 37
2 27 36
3 35 37
1 34 36
197
38
1 2 3
0 35 37
0 34 36
0 32 33
25 26 31
23 24 26
20 22 30
19 21 30
9 24 27
8 10 11
9 15 16
9 14 17
14 16 28
15 17 28
11 12 15
10 13 14
10 12 21
11 13 22
19 20 27
7 18 22
6 18 21
7 16 20
6 17 19
5 29 31
5 8 25
4 24 29
4 5 36
8 18 34
12 13 35
23 25 33
6 7 32
4 23 32
3 30 31
3 29 37
2 27 37
1 28 36
2 26 35
1 33 34
198
38
1 2 3
0 34 35
0 33 37
0 32 36
13 24 25
12 23 25
7 9 22
6 8 21
7 11 23
6 10 19
9 13 21
8 12 20
5 11 24
4 10 22
15 19 28
14 16 27
15 17 29
16 18 28
17 20 27
9 14 26
11 18 29
7 10 31
6 13 31
5 8 30
4 12 30
4 5 26
19 25 34
15 18 35
14 17 33
16 20 33
23 24 32
21 22 32
3 30 31
2 28 29
1 26 37
1 27 36
3 35 37
2 34 36
199
38
1 2 3
0 32 37
0 35 36
0 33 34
5 23 31
4 24 25
7 8 23
6 20 21
6 19 22
10 29 30
9 13 14
14 15 26
13 16 26
10 12 15
10 11 16
11 13 19
12 14 20
20 22 28
19 21 28
8 15 18
7 16 17
7 18 22
8 17 21
4 6 37
5 27 34
5 30 33
11 12 35
24 29 33
17 18 32
9 27 35
9 25 34
4 32 36
1 28 31
3 25 27
3 24 30
2 26 29
2 31 37
1 23 36
200
38
1 2 3
0 34 35
0 32 37
0 33 36
5 6 31
4 24 26
4 23 25
18 20 29
17 19 29
11 22 28
12 21 28
9 12 13
10 11 14
11 15 21
12 16 22
13 16 20
14 15 19
8 20 27
7 19 27
8 16 18
7 15 17
10 13 26
9 14 25
6 26 30
5 25 30
6 22 24
5 21 23
17 18 35
9 10 33
7 8 32
23 24 33
4 32 34
2 29 31
3 28 30
1 31 37
1 27 36
3 35 37
2 34 36
201
38
1 2 3
0 32 33
0 35 37
0 34 36
7 8 30
8 20 25
7 19 25
4 6 20
4 5 19
15 16 23
13 14 16
14 15 21
13 15 22
10 12 21
10 11 22
9 11 12
9 10 17
16 18 20
17 19 23
6 8 18
5 7 17
11 13 28
12 14 29
9 18 27
27 28 29
5 6 26
25 30 33
23 24 33
21 24 37
22 24 36
4 26 32
32 34 35
1 30 31
1 26 27
3 31 37
2 31 36
3 29 35
2 28 34
202
38
1 2 3
0 33 36
0 32 37
0 34 35
5 12 15
4 9 13
7 11 13
6 9 12
10 11 20
5 7 20
8 14 16
6 8 17
4 7 19
5 6 19
10 17 18
4 16 18
10 15 31
11 14 31
14 15 29
12 13 28
8 9 30
23 25 27
23 24 26
21 22 30
22 27 29
21 26 28
22 25 33
21 24 33
19 25 35
18 24 32
20 23 34
16 17 32
2 29 31
1 26 27
3 30 37
3 28 36
1 35 37
2 34 36
203
38
1 2 3
0 34 35
0 32 37
0 33 36
14 21 24
13 22 24
7 9 20
6 10 19
11 17 18
6 12 22
7 11 21
8 10 14
9 13 18
5 12 20
4 11 19
16 25 28
15 23 29
8 23 28
8 12 29
7 14 31
6 13 30
4 10 31
5 9 30
16 17 27
4 5 26
15 26 27
24 25 35
23 25 33
15 17 34
16 18 33
20 22 32
19 21 32
2 30 31
3 27 29
1 28 37
1 26 36
3 35 37
2 34 36
204
38
1 2 3
0 35 37
0 34 36
0 32 33
24 26 27
23 25 27
7 21 31
6 10 11
16 19 22
18 20 22
7 14 16
7 12 15
11 13 16
12 14 21
10 13 15
11 14 17
8 10 12
15 18 28
9 17 29
8 20 29
9 19 28
6 13 26
8 9 25
5 26 30
4 25 30
5 22 24
4 21 23
4 5 36
17 20 32
18 19 32
23 24 33
6 34 35
3 28 29
3 30 37
2 31 37
1 31 36
2 27 35
1 33 34
205
38
1 2 3
0 34 35
0 33 37
0 32 36
10 11 13
6 10 14
5 9 11
8 15 18
7 12 20
6 13 19
4 5 19
4 6 21
8 14 17
4 9 16
5 12 18
7 16 17
13 15 26
12 15 29
7 14 29
9 10 26
8 24 31
11 23 27
23 25 30
21 22 28
20 25 28
22 24 27
16 19 34
21 25 33
23 24 33
17 18 32
22 31 35
20 30 32
3 29 31
2 27 28
1 26 37
1 30 36
3 35 37
2 34 36
206
38
1 2 3
0 35 37
0 34 36
0 32 33
23 26 27
24 25 27
7 18 22
6 8 28
7 9 29
8 12 31
13 16 30
14 19 30
9 13 28
10 12 29
11 15 20
14 17 21
10 17 20
15 16 19
6 21 26
11 17 24
14 16 24
15 18 23
6 23 25
4 21 22
5 19 20
5 22 26
4 18 25
4 5 36
7 12 32
8 13 32
10 11 33
9 34 35
3 28 29
3 30 37
2 31 37
1 31 36
2 27 35
1 33 34
207
38
1 2 3
0 34 35
0 33 37
0 32 36
10 12 14
6 9 14
5 10 13
8 15 18
7 11 21
5 12 19
4 6 19
8 13 17
4 9 16
6 11 18
4 5 20
7 16 17
12 15 31
11 15 29
7 13 29
9 10 30
14 23 26
8 22 27
21 24 28
20 25 28
22 25 26
23 24 27
20 24 35
21 25 33
22 23 33
17 18 32
19 31 32
16 30 34
3 29 30
2 27 28
1 31 37
1 26 36
3 35 37
2 34 36
208
38
1 2 3
0 33 36
0 32 37
0 34 35
5 6 25
4 14 24
4 22 23
8 9 14
7 13 21
7 11 12
12 17 20
9 18 21
9 10 13
8 12 18
5 7 22
16 19 27
15 20 31
10 19 31
11 13 29
15 17 30
10 16 30
8 11 26
6 14 28
6 24 29
5 23 28
4 26 27
21 25 34
15 25 32
22 24 33
18 23 33
19 20 35
16 17 32
2 27 31
1 28 29
3 26 37
3 30 36
1 35 37
2 34 36
209
38
1 2 3
0 35 37
0 34 36
0 32 33
24 26 27
23 25 27
7 8 31
6 19 21
6 18 20
13 14 28
12 16 28
12 13 29
10 11 14
9 11 16
9 12 15
14 20 22
10 13 21
18 19 22
8 17 21
7 17 20
8 15 19
7 16 18
15 17 25
5 26 30
4 25 30
5 22 24
4 23 29
4 5 36
9 10 32
11 26 32
23 24 33
6 34 35
3 28 29
3 30 37
2 31 37
1 31 36
2 27 35
1 33 34
210
38
1 2 3
0 34 35
0 33 37
0 32 36
10 12 14
6 9 14
5 10 13
8 15 18
7 11 21
5 12 19
4 6 19
8 13 17
4 9 16
6 11 18
4 5 20
7 16 17
12 15 31
11 15 29
7 13 29
9 10 30
14 24 28
8 22 26
21 23 27
22 25 28
20 25 27
23 24 26
21 25 35
22 24 33
20 23 33
17 18 32
19 31 32
16 30 34
3 29 30
2 27 28
1 31 37
1 26 36
3 35 37
2 34 36
211
38
1 2 3
0 35 37
0 34 36
0 32 33
23 26 27
24 25 27
7 15 30
6 16 31
10 11 21
10 20 22
8 9 15
8 14 18
13 17 19
12 18 29
11 17 29
6 10 28
7 23 28
12 14 26
11 13 26
12 20 24
9 19 25
8 22 25
9 21 24
4 16 30
5 19 22
5 20 21
4 17 18
4 5 36
15 16 32
13 14 33
6 23 32
7 34 35
3 28 30
3 29 37
2 31 37
1 31 36
2 27 35
1 33 34
212
38
1 2 3
0 32 33
0 35 37
0 34 36
5 6 28
4 19 20
4 17 18
10 12 13
9 12 14
8 11 13
7 11 14
9 10 20
7 8 19
7 9 15
8 10 16
13 18 30
14 18 29
6 29 30
6 15 16
5 12 24
5 11 25
22 23 28
21 24 27
21 25 26
19 22 26
20 23 27
23 24 33
22 25 33
4 21 32
16 17 37
15 17 36
32 34 35
1 28 31
1 26 27
3 31 37
2 31 36
3 30 35
2 29 34
213
38
1 2 3
0 32 37
0 33 34
0 35 36
5 6 31
4 22 30
4 21 29
8 9 18
7 14 16
7 13 15
12 16 28
12 15 23
10 11 27
9 16 17
8 15 17
9 11 14
8 10 13
13 14 19
7 19 20
17 18 22
18 21 23
6 20 30
5 19 29
11 20 37
26 28 34
26 27 33
24 25 32
12 25 34
10 24 33
6 22 35
5 21 35
4 32 36
1 26 31
2 25 28
2 24 27
3 29 30
3 31 37
1 23 36
214
38
1 2 3
0 32 33
0 35 37
0 34 36
7 8 30
11 12 25
25 28 29
4 9 24
4 10 23
7 11 23
8 12 24
5 9 14
5 10 13
12 14 16
11 13 15
14 19 20
13 17 18
16 20 21
16 19 22
15 18 21
15 17 22
17 19 28
18 20 29
8 9 27
7 10 27
5 6 26
25 30 33
23 24 33
6 21 37
6 22 36
4 26 32
32 34 35
1 30 31
1 26 27
3 31 37
2 31 36
3 29 35
2 28 34
215
38
1 2 3
0 34 35
0 33 37
0 32 36
5 6 31
4 24 30
4 25 26
8 9 30
7 23 26
7 22 25
14 15 29
13 16 29
13 14 28
11 12 15
10 12 16
10 13 17
11 14 18
15 18 21
16 17 20
20 21 24
18 19 23
17 19 22
9 21 26
8 20 25
5 19 27
6 9 23
6 8 22
24 28 35
12 27 33
10 11 33
5 7 32
4 32 34
3 30 31
2 28 29
1 31 37
1 27 36
3 35 37
2 34 36
216
38
1 2 3
0 36 37
0 32 35
0 33 34
5 6 31
4 28 30
4 27 29
11 13 17
12 16 19
12 15 18
11 14 20
7 10 29
8 9 30
7 20 23
10 17 25
9 19 26
8 18 24
7 14 21
9 16 22
8 15 22
10 13 21
17 20 35
18 19 34
13 24 36
16 23 37
14 26 37
15 25 36
6 28 33
5 27 32
6 11 35
5 12 34
4 32 33
2 28 31
3 27 31
3 22 30
2 21 29
1 23 26
1 24 25
217
38
1 2 3
0 32 37
0 33 35
0 34 36
6 8 14
7 9 15
4 9 11
5 8 11
4 7 10
5 6 10
8 9 23
6 7 22
13 16 23
12 17 22
4 15 21
5 14 20
12 28 30
13 29 31
21 25 27
20 24 26
15 19 37
14 18 37
11 13 32
10 12 32
19 27 34
18 26 34
19 25 33
18 24 33
16 31 36
17 30 36
16 29 35
17 28 35
1 22 23
2 26 27
3 24 25
2 30 31
3 28 29
1 20 21
218
38
1 2 3
0 32 33
0 35 37
0 34 36
12 13 14
9 15 16
8 15 17
8 9 14
6 7 16
5 7 17
11 21 25
10 20 24
4 19 26
4 18 27
4 7 22
5 6 22
5 8 24
6 9 25
13 23 26
12 23 27
11 30 31
10 28 29
14 15 32
18 19 32
11 16 33
10 17 33
12 18 36
13 19 37
21 31 35
21 30 34
20 29 35
20 28 34
1 22 23
1 24 25
3 29 31
2 28 30
3 26 37
2 27 36
219
38
1 2 3
0 34 35
0 32 37
0 33 36
7 8 24
13 16 19
14 15 19
4 12 15
4 14 16
12 21 23
11 13 23
10 21 22
7 9 22
5 10 14
6 8 13
6 7 16
5 8 15
20 25 28
20 24 27
5 6 26
17 18 31
9 11 30
11 12 29
9 10 29
4 18 28
17 26 27
19 25 32
18 25 34
17 24 33
22 23 32
21 31 35
20 30 33
2 26 29
3 28 31
1 27 37
1 30 36
3 35 37
2 34 36
220
38
1 2 3
0 32 33
0 35 37
0 34 36
5 25 31
4 6 7
5 24 30
5 23 29
11 13 27
10 12 13
9 26 27
8 12 26
9 11 25
8 9 18
19 20 28
16 18 19
15 17 20
16 22 28
13 15 21
14 15 22
14 16 21
18 20 24
17 19 23
7 22 30
6 21 29
4 12 37
10 11 32
8 10 36
14 17 32
7 24 33
6 23 33
4 34 35
1 26 28
1 29 30
3 31 37
2 31 36
3 27 35
2 25 34
221
38
1 2 3
0 35 37
0 34 36
0 32 33
24 26 27
23 25 27
18 20 29
17 19 29
9 11 15
8 12 13
11 13 14
8 10 22
9 14 22
9 10 21
10 12 20
8 19 21
17 18 28
7 16 20
6 16 19
7 15 18
6 14 17
13 15 26
11 12 25
5 26 30
4 25 30
5 22 24
4 21 23
4 5 36
16 31 32
6 7 32
23 24 33
28 34 35
3 28 29
3 30 37
2 31 37
1 31 36
2 27 35
1 33 34
222
38
1 2 3
0 33 37
0 32 36
0 34 35
7 8 10
6 9 10
5 8 15
4 9 15
4 6 13
5 7 14
4 5 12
12 13 14
10 11 17
8 11 19
9 11 18
6 7 16
15 20 26
12 21 29
14 23 28
13 22 27
16 24 29
17 24 26
19 25 28
18 25 27
20 21 31
22 23 30
16 21 32
19 23 33
18 22 33
17 20 32
25 31 35
24 30 34
2 26 29
1 27 28
3 31 37
3 30 36
2 35 37
1 34 36
223
38
1 2 3
0 32 33
0 35 37
0 34 36
5 6 31
4 24 30
4 28 29
21 23 24
20 22 24
10 11 18
9 14 15
9 12 13
11 15 17
11 14 16
10 13 17
10 12 27
13 26 27
12 14 23
9 22 26
20 21 25
8 19 23
7 19 22
8 18 21
7 17 20
5 7 8
19 29 33
16 18 37
15 16 36
6 30 33
6 25 32
5 28 32
4 34 35
1 29 30
1 25 28
3 31 37
2 31 36
3 27 35
2 26 34
224
38
1 2 3
0 35 37
0 34 36
0 32 33
24 26 27
23 25 27
7 8 31
6 19 21
6 18 20
12 14 22
11 13 29
10 14 15
9 13 15
10 12 17
9 11 17
11 12 16
15 21 22
13 14 20
8 21 28
7 20 28
8 17 19
7 16 18
9 16 25
5 26 30
4 25 30
5 22 24
4 23 29
4 5 36
18 19 32
10 26 32
23 24 33
6 34 35
3 28 29
3 30 37
2 31 37
1 31 36
2 27 35
1 33 34
225
38
1 2 3
0 32 33
0 35 37
0 34 36
5 6 31
4 24 30
4 28 29
21 23 24
20 22 24
10 16 17
9 11 12
10 15 18
10 13 14
12 15 17
12 18 26
11 13 27
9 26 27
9 13 23
11 14 22
20 21 25
8 19 23
7 19 22
8 18 21
7 17 20
5 7 8
19 29 33
14 16 37
15 16 36
6 30 33
6 25 32
5 28 32
4 34 35
1 29 30
1 25 28
3 31 37
2 31 36
3 27 35
2 26 34
226
38
1 2 3
0 35 37
0 34 36
0 32 33
5 25 31
4 26 27
7 8 25
6 22 24
6 21 23
10 11 18
9 13 14
9 12 15
11 13 16
10 12 17
10 16 29
11 17 30
12 14 20
13 15 19
9 19 20
17 18 24
16 18 23
8 24 28
7 23 28
8 20 22
7 19 21
4 6 36
5 30 33
5 29 32
21 22 37
14 27 33
15 26 32
4 34 35
3 27 30
3 26 29
2 31 37
1 31 36
2 25 35
1 28 34
227
38
1 2 3
0 35 37
0 34 36
0 32 33
5 6 31
4 24 30
4 28 29
23 24 27
21 22 24
18 19 30
16 22 23
15 20 23
17 19 25
18 21 25
15 16 26
11 14 22
10 14 20
12 18 20
9 13 17
9 12 21
11 16 17
8 13 19
8 10 15
7 10 11
5 7 8
12 13 37
14 29 33
7 28 32
6 27 33
6 26 32
5 9 36
4 34 35
3 27 29
3 26 28
2 31 37
1 31 36
2 30 35
1 25 34
228
38
1 2 3
0 35 37
0 34 36
0 32 33
24 26 27
23 25 27
7 8 31
6 19 21
6 18 20
14 15 22
11 13 14
10 12 15
11 17 22
10 16 29
9 10 17
9 11 16
13 15 21
12 14 20
8 21 28
7 20 28
8 17 19
7 16 18
9 12 25
5 26 30
4 25 30
5 22 24
4 23 29
4 5 36
18 19 32
13 26 32
23 24 33
6 34 35
3 28 29
3 30 37
2 31 37
1 31 36
2 27 35
1 33 34
229
38
1 2 3
0 35 37
0 34 36
0 32 33
24 26 27
23 25 27
7 8 31
6 18 21
6 19 20
10 11 17
9 13 15
9 12 14
11 15 22
10 14 29
11 13 19
10 12 19
17 21 22
9 16 18
7 17 28
8 14 15
8 21 28
7 16 20
12 16 25
5 26 30
4 25 30
5 22 24
4 23 29
4 5 36
18 20 32
13 26 32
23 24 33
6 34 35
3 28 29
3 30 37
2 31 37
1 31 36
2 27 35
1 33 34
230
38
1 2 3
0 35 37
0 34 36
0 32 33
24 26 27
23 25 27
7 8 31
6 20 29
6 18 19
10 18 20
9 11 21
10 13 15
14 17 22
11 17 28
12 15 28
11 14 16
15 17 19
12 13 16
8 9 29
8 16 20
7 9 19
10 22 26
12 21 25
5 26 30
4 25 30
5 22 24
4 21 23
4 5 36
13 14 32
7 18 32
23 24 33
6 34 35
3 28 29
3 30 37
2 31 37
1 31 36
2 27 35
1 33 34
231
38
1 2 3
0 34 35
0 33 37
0 32 36
5 6 31
4 24 26
4 23 25
13 14 27
15 16 27
10 11 28
9 19 21
9 17 18
15 17 19
7 20 29
7 16 30
8 12 30
8 14 29
11 12 21
11 19 20
10 12 18
13 18 26
10 17 25
23 24 28
6 22 26
5 22 25
6 21 24
5 20 23
7 8 35
9 22 32
13 16 33
14 15 33
4 32 34
3 28 31
2 29 30
1 31 37
1 27 36
3 35 37
2 34 36
232
38
1 2 3
0 34 35
0 33 37
0 32 36
5 6 31
4 26 29
4 25 30
9 15 28
13 14 28
7 11 13
16 19 27
9 12 19
11 18 27
8 9 20
8 15 17
7 14 20
10 17 18
14 16 22
12 16 21
10 11 21
13 15 22
18 19 24
17 20 23
22 24 26
21 23 25
6 24 29
5 23 30
10 12 32
7 8 34
5 25 35
6 26 33
4 32 33
3 27 31
2 30 31
1 28 37
1 29 36
3 35 37
2 34 36
233
38
1 2 3
0 34 35
0 33 37
0 32 36
5 6 31
4 26 30
4 25 29
9 15 28
13 14 28
7 11 13
16 19 27
9 12 19
11 18 27
8 9 20
8 15 17
7 14 20
10 17 18
14 16 22
12 16 21
10 11 21
13 15 22
18 19 24
17 20 23
22 24 26
21 23 25
6 24 30
5 23 29
10 12 32
7 8 34
6 26 35
5 25 33
4 32 33
3 27 31
2 30 31
1 28 37
1 29 36
3 35 37
2 34 36
234
38
1 2 3
0 34 35
0 32 37
0 33 36
7 21 29
10 27 28
12 27 30
4 8 9
7 24 25
7 19 20
5 11 26
10 12 14
6 11 13
12 16 22
11 17 18
18 20 23
13 17 19
14 16 20
14 15 19
9 16 18
9 15 17
4 31 36
13 25 35
15 24 34
8 23 35
8 22 34
10 30 37
5 6 37
5 29 36
4 28 33
6 26 32
21 32 33
2 30 31
3 29 31
1 23 25
1 22 24
3 21 28
2 26 27
235
38
1 2 3
0 33 37
0 34 35
0 32 36
8 13 16
8 14 15
7 11 12
6 8 17
4 5 7
12 16 19
11 15 18
6 10 19
6 9 18
4 14 23
5 13 20
5 10 23
4 9 20
7 21 22
10 12 29
9 11 29
14 16 31
17 25 28
17 24 27
13 15 30
22 26 28
21 26 27
24 25 32
22 25 33
21 24 35
18 19 32
23 31 33
20 30 34
3 26 29
1 27 30
2 31 37
2 28 36
3 35 37
1 34 36
236
38
1 2 3
0 34 35
0 32 37
0 33 36
7 21 29
10 27 28
12 27 30
4 8 9
7 24 25
7 19 20
5 11 26
10 12 13
6 11 14
11 16 22
12 17 18
18 20 23
13 17 19
14 16 20
14 15 19
9 16 18
9 15 17
4 31 36
13 25 35
15 24 34
8 23 35
8 22 34
10 30 37
5 6 37
5 29 36
4 28 33
6 26 32
21 32 33
2 30 31
3 29 31
1 23 25
1 22 24
3 21 28
2 26 27
237
38
1 2 3
0 35 37
0 34 36
0 32 33
5 6 31
4 29 30
4 23 24
8 11 12
7 9 10
8 14 25
8 13 26
7 16 17
7 15 18
10 22 25
9 22 26
12 17 21
11 18 21
11 15 19
12 16 20
17 24 28
18 24 27
15 16 23
13 14 23
6 21 22
6 19 20
9 13 36
10 14 37
20 30 33
19 29 32
5 28 33
5 27 32
4 34 35
3 28 30
3 27 29
2 31 37
1 31 36
2 25 35
1 26 34
238
38
1 2 3
0 35 37
0 34 36
0 32 33
5 6 31
4 29 30
4 23 24
8 9 19
7 18 25
7 10 17
9 13 14
13 15 26
14 16 27
10 11 16
10 12 15
11 14 22
12 13 22
9 18 21
8 17 20
7 20 21
18 19 24
17 19 23
15 16 24
6 21 28
6 20 22
8 28 37
11 30 33
12 29 32
23 25 36
5 27 33
5 26 32
4 34 35
3 27 30
3 26 29
2 31 37
1 31 36
2 28 35
1 25 34
239
38
1 2 3
0 33 37
0 34 35
0 32 36
5 6 25
4 14 15
4 13 16
9 17 19
10 17 18
7 13 18
8 14 19
14 16 24
13 15 23
6 9 12
5 10 11
5 12 16
6 11 15
7 8 31
8 9 29
7 10 29
22 24 28
22 23 27
20 21 26
12 21 28
11 20 27
4 26 30
22 25 35
21 24 33
20 23 33
18 19 32
25 31 34
17 30 32
3 29 31
1 27 28
2 30 37
2 26 36
3 35 37
1 34 36
240
38
1 2 3
0 32 37
0 34 36
0 33 35
5 6 31
4 14 17
4 15 16
8 9 19
7 13 17
7 12 16
14 27 30
15 26 30
9 17 18
8 16 18
5 10 26
6 11 27
6 9 13
5 8 12
12 13 21
7 20 21
19 23 31
18 19 22
21 25 29
20 24 28
23 29 32
22 28 32
11 14 34
10 15 34
23 25 33
22 24 33
10 11 36
4 20 35
1 24 25
3 28 29
2 26 27
3 31 37
2 30 37
1 35 36
241
38
1 2 3
0 32 37
0 34 36
0 33 35
14 15 31
18 19 28
12 20 28
15 27 29
22 23 29
10 11 30
9 23 25
9 22 24
6 13 18
12 17 19
4 16 27
4 7 26
14 17 26
13 16 21
5 12 21
5 13 20
6 19 25
17 18 24
8 11 25
8 10 24
11 21 23
10 20 22
15 16 34
7 14 34
5 6 33
7 8 36
9 32 33
4 32 35
1 30 31
3 28 30
2 26 27
3 31 37
2 29 37
1 35 36
242
38
1 2 3
0 32 33
0 35 37
0 34 36
5 6 31
4 22 23
4 21 24
18 25 30
13 15 26
10 26 27
9 11 13
10 14 15
14 16 17
8 10 28
11 12 28
8 11 27
12 20 24
12 18 21
7 17 24
23 25 29
16 21 22
6 17 20
5 20 29
5 19 30
6 16 18
7 19 33
8 9 33
9 15 37
13 14 36
19 22 32
7 23 32
4 34 35
1 29 30
1 25 26
3 31 37
2 31 36
3 28 35
2 27 34
243
38
1 2 3
0 34 35
0 33 37
0 32 36
5 6 31
4 26 30
4 25 29
8 9 28
7 17 19
7 16 18
11 12 22
10 13 21
10 14 20
11 15 20
12 18 21
13 19 22
9 19 27
8 18 27
9 14 17
8 15 16
12 13 23
11 14 24
10 15 24
20 26 28
21 22 25
6 24 30
5 23 29
16 17 32
7 23 34
6 26 35
5 25 33
4 32 33
3 27 31
2 30 31
1 28 37
1 29 36
3 35 37
2 34 36
244
38
1 2 3
0 34 35
0 33 37
0 32 36
5 6 31
4 26 29
4 25 30
8 9 28
7 17 19
7 16 18
11 12 22
10 13 21
10 14 20
11 15 20
12 18 21
13 19 22
9 19 27
8 18 27
9 14 17
8 15 16
12 13 23
11 14 24
10 15 24
20 26 28
21 22 25
6 24 29
5 23 30
16 17 32
7 23 34
5 25 35
6 26 33
4 32 33
3 27 31
2 30 31
1 28 37
1 29 36
3 35 37
2 34 36
245
38
1 2 3
0 35 37
0 34 36
0 32 33
7 8 25
23 24 30
26 27 30
4 22 29
4 21 28
10 20 23
9 11 12
10 17 18
10 16 19
16 17 23
15 18 27
14 19 26
12 13 18
11 13 19
11 14 16
12 15 17
9 22 24
8 24 29
7 20 28
5 9 13
5 20 21
4 31 32
6 15 37
6 14 36
8 22 33
7 21 33
5 6 32
25 34 35
3 25 30
3 28 29
2 31 37
1 31 36
2 27 35
1 26 34
246
38
1 2 3
0 35 36
0 32 37
0 33 34
6 10 11
6 9 12
4 5 18
8 15 20
7 14 19
5 11 13
4 12 13
4 9 14
5 10 15
9 10 16
8 11 17
7 12 17
13 21 26
14 15 26
6 21 29
8 23 25
7 22 24
16 18 28
20 25 27
19 24 27
20 23 35
19 22 35
16 17 37
22 23 36
21 31 34
18 30 33
29 32 34
28 32 33
2 30 31
3 29 31
3 28 30
1 24 25
1 27 37
2 26 36
247
38
1 2 3
0 32 37
0 34 36
0 33 35
22 24 30
21 23 30
16 17 31
14 15 25
12 13 15
11 13 26
13 14 20
9 12 14
8 11 20
8 9 10
7 10 11
7 8 18
6 19 29
6 18 28
15 17 29
16 25 28
10 12 23
5 24 27
4 23 27
5 20 22
4 21 26
7 19 32
9 24 34
21 22 34
17 19 33
16 18 33
4 5 35
6 32 36
1 25 31
3 28 29
2 26 27
3 30 37
2 31 37
1 35 36
248
38
1 2 3
0 35 37
0 34 36
0 32 33
8 9 25
6 10 30
5 12 27
10 16 27
4 17 29
4 18 28
5 7 11
10 12 26
6 11 13
12 14 15
13 22 23
13 21 24
7 19 20
8 21 28
9 22 29
16 22 24
16 21 23
15 17 20
14 18 19
14 20 24
15 19 23
4 31 32
11 30 37
6 7 36
9 17 33
8 18 33
5 26 32
25 34 35
3 25 30
3 28 29
2 31 37
1 31 36
2 27 35
1 26 34
249
38
1 2 3
0 32 37
0 34 36
0 33 35
8 9 12
6 7 12
5 14 30
5 13 31
4 11 17
4 10 18
9 17 19
8 18 19
4 5 20
7 23 30
6 23 31
22 28 29
21 26 27
8 10 21
9 11 22
10 11 20
12 19 24
16 17 25
15 18 25
13 14 24
20 23 32
21 22 32
16 29 34
16 28 33
15 27 34
15 26 33
6 13 35
7 14 36
1 24 25
3 27 29
2 26 28
3 30 37
2 31 37
1 35 36
250
38
1 2 3
0 32 35
0 34 37
0 33 36
7 9 12
6 9 13
5 8 12
4 8 13
6 7 11
4 5 10
9 11 31
8 10 30
4 6 28
5 7 29
16 23 26
17 22 26
14 22 30
15 23 31
21 25 27
20 24 27
19 25 29
18 24 28
15 16 34
14 17 34
19 21 33
18 20 33
14 15 37
18 19 36
12 21 35
13 20 35
11 16 32
10 17 32
1 30 31
3 24 25
2 22 23
1 28 29
3 27 37
2 26 36
251
38
1 2 3
0 32 37
0 34 36
0 33 35
5 6 17
4 13 15
4 12 14
10 26 28
11 27 29
10 11 30
7 9 15
8 9 14
6 15 16
5 14 16
6 11 13
5 10 12
12 13 18
4 18 19
16 17 23
17 22 30
23 25 31
22 24 31
19 21 25
18 20 24
21 23 32
20 22 32
7 29 34
8 28 34
7 27 33
8 26 33
9 19 36
20 21 35
1 24 25
3 28 29
2 26 27
3 31 37
2 30 37
1 35 36
252
38
1 2 3
0 35 37
0 34 36
0 32 33
24 26 27
23 25 27
7 8 31
6 19 21
6 18 20
14 15 22
13 15 28
12 13 29
11 15 16
10 11 14
9 13 16
9 10 12
12 14 21
18 19 22
8 17 21
7 17 20
8 19 28
7 16 18
9 17 25
5 26 30
4 25 30
5 22 24
4 23 29
4 5 36
10 20 32
11 26 32
23 24 33
6 34 35
3 28 29
3 30 37
2 31 37
1 31 36
2 27 35
1 33 34
253
38
1 2 3
0 35 37
0 34 36
0 32 33
5 6 31
4 22 23
4 21 24
8 9 14
7 13 28
7 11 12
12 27 28
9 25 27
9 10 26
8 19 20
7 15 16
14 17 30
14 18 29
15 21 29
16 22 30
13 22 24
13 21 23
6 17 20
5 18 19
5 20 24
6 19 23
11 26 37
12 25 32
10 11 32
8 10 36
16 17 33
15 18 33
4 34 35
3 26 27
3 29 30
2 31 37
1 31 36
2 28 35
1 25 34
254
38
1 2 3
0 35 37
0 34 36
0 32 33
24 26 27
23 25 27
7 21 31
6 10 11
15 16 22
19 20 22
7 14 16
7 13 15
13 17 21
11 12 16
10 15 18
8 11 14
8 10 13
12 20 29
14 19 28
9 18 29
9 17 28
6 12 26
8 9 25
5 26 30
4 25 30
5 22 24
4 21 23
4 5 36
18 20 32
17 19 32
23 24 33
6 34 35
3 28 29
3 30 37
2 31 37
1 31 36
2 27 35
1 33 34
255
38
1 2 3
0 35 37
0 34 36
0 32 33
24 26 27
23 25 27
7 8 31
6 19 21
6 18 20
12 13 22
13 16 28
12 14 28
9 11 16
9 10 14
11 13 15
14 21 29
10 12 20
18 19 22
8 17 21
7 17 20
8 16 19
7 15 18
9 17 25
5 26 30
4 25 30
5 22 24
4 23 29
4 5 36
10 11 32
15 26 32
23 24 33
6 34 35
3 28 29
3 30 37
2 31 37
1 31 36
2 27 35
1 33 34
256
38
1 2 3
0 34 35
0 32 37
0 33 36
7 8 24
14 16 19
13 15 19
4 9 11
4 10 12
7 10 23
8 9 22
7 15 22
8 16 23
6 16 21
5 15 21
6 11 14
5 12 13
20 25 28
20 24 27
5 6 26
17 18 30
13 14 31
10 11 29
9 12 29
4 18 28
17 26 27
19 25 34
18 25 32
17 24 32
22 23 33
20 31 35
21 30 33
2 27 28
3 29 31
1 26 37
1 30 36
3 35 37
2 34 36
257
38
1 2 3
0 35 37
0 34 36
0 32 33
5 25 31
4 26 27
7 8 25
6 22 24
6 21 23
10 11 20
9 16 30
9 17 29
14 19 28
15 18 28
12 15 16
13 14 17
10 14 18
11 15 19
13 16 24
12 17 23
9 21 22
8 20 24
7 20 23
8 19 22
7 18 21
4 6 36
5 30 33
5 29 32
12 13 37
11 27 33
10 26 32
4 34 35
3 27 30
3 26 29
2 31 37
1 31 36
2 25 35
1 28 34
258
38
1 2 3
0 34 35
0 33 37
0 32 36
10 12 14
6 9 14
5 10 13
8 15 18
7 11 21
5 12 19
4 6 19
8 13 17
4 9 18
6 11 16
4 5 20
7 16 17
13 15 31
11 15 29
7 12 29
9 10 30
14 24 28
8 22 26
21 23 27
22 25 28
20 25 27
23 24 26
21 25 35
22 24 33
20 23 33
17 18 32
19 31 32
16 30 34
3 29 30
2 27 28
1 31 37
1 26 36
3 35 37
2 34 36
259
38
1 2 3
0 35 37
0 34 36
0 32 33
24 26 27
23 25 27
7 8 22
6 17 21
6 18 19
11 21 29
13 14 31
9 12 17
11 18 20
10 19 30
10 15 28
14 18 30
17 20 29
7 11 16
8 12 15
8 13 28
12 16 26
7 9 25
6 23 24
5 22 26
4 22 25
5 21 24
4 20 23
4 5 36
14 19 32
9 16 33
13 15 32
10 34 35
3 28 30
3 29 37
2 31 37
1 31 36
2 27 35
1 33 34
260
38
1 2 3
0 33 34
0 32 37
0 35 36
5 8 10
4 11 12
7 9 11
6 10 12
4 18 19
6 13 16
4 7 17
5 6 17
5 7 16
9 14 15
13 21 25
13 20 24
9 12 27
10 11 26
8 22 29
8 23 28
15 23 25
14 22 24
18 21 37
19 20 36
15 21 35
14 20 35
17 31 34
16 30 33
19 29 37
18 28 36
27 32 34
26 32 33
2 30 31
1 27 31
1 26 30
3 24 25
3 23 29
2 22 28
261
38
1 2 3
0 35 37
0 34 36
0 32 33
24 26 27
23 25 27
7 21 31
6 10 11
16 19 22
18 20 22
7 12 15
7 13 17
10 13 16
11 12 14
13 15 21
10 14 17
8 12 18
11 15 28
9 16 29
8 20 29
9 19 28
6 14 26
8 9 25
5 26 30
4 25 30
5 22 24
4 21 23
4 5 36
17 20 32
18 19 32
23 24 33
6 34 35
3 28 29
3 30 37
2 31 37
1 31 36
2 27 35
1 33 34
262
38
1 2 3
0 35 37
0 34 36
0 32 33
5 6 31
4 24 30
4 28 29
8 9 24
7 21 23
7 20 22
15 16 27
12 14 15
11 13 16
12 18 26
11 17 27
10 11 18
10 12 17
14 16 23
13 15 22
20 21 25
9 19 23
8 19 22
9 18 21
8 17 20
5 7 28
19 26 36
13 25 33
10 14 37
6 24 32
6 30 33
5 29 32
4 34 35
3 28 30
3 26 29
2 31 37
1 31 36
2 25 35
1 27 34
263
38
1 2 3
0 34 35
0 33 37
0 32 36
16 19 20
14 15 19
8 12 23
9 13 24
6 16 24
7 16 23
11 14 22
10 15 21
6 15 22
7 14 21
5 10 13
5 11 12
4 8 9
18 25 29
17 20 31
4 5 29
4 18 26
11 13 27
10 12 27
6 9 28
7 8 28
17 26 30
20 25 32
21 22 35
23 24 33
17 19 32
25 31 33
18 30 34
3 26 29
2 28 30
1 31 37
1 27 36
3 35 37
2 34 36
264
38
1 2 3
0 35 37
0 34 36
0 32 33
5 6 31
4 24 30
4 28 29
8 9 24
7 21 22
7 20 23
14 15 27
12 13 25
11 15 16
11 14 17
10 13 16
10 12 17
12 14 20
13 15 21
21 23 26
20 22 26
9 16 19
8 17 18
8 19 23
9 18 22
5 7 25
11 24 33
18 19 37
10 28 36
6 27 32
6 30 33
5 29 32
4 34 35
3 28 30
3 25 29
2 31 37
1 31 36
2 27 35
1 26 34
265
38
1 2 3
0 33 36
0 34 35
0 32 37
12 13 15
9 10 11
8 11 20
8 10 19
6 7 18
5 13 17
5 7 20
5 6 19
4 14 18
4 9 16
12 16 17
4 21 22
13 14 26
9 14 28
8 12 26
7 11 31
6 10 28
15 24 29
15 23 27
22 25 29
21 25 27
23 24 30
16 18 32
22 24 33
17 20 35
21 23 34
25 31 33
19 30 32
3 26 31
1 27 30
2 29 37
2 28 36
1 35 37
3 34 36
266
38
1 2 3
0 33 37
0 34 35
0 32 36
7 10 13
6 11 13
5 7 12
4 6 9
10 12 19
7 11 16
4 8 20
5 9 18
6 8 17
4 5 16
15 17 21
14 18 22
9 13 26
12 14 29
11 15 31
8 21 29
10 23 27
14 19 26
15 24 28
20 25 28
22 25 27
23 24 30
16 21 32
20 24 33
22 23 33
17 19 32
25 31 35
18 30 34
3 26 29
1 27 28
2 31 37
2 30 36
3 35 37
1 34 36
267
38
1 2 3
0 34 35
0 32 37
0 33 36
5 15 23
4 6 13
5 18 19
12 14 17
14 21 22
10 11 17
9 12 20
9 13 16
7 10 16
5 11 31
7 8 30
4 20 29
11 12 25
7 9 25
6 22 27
6 21 26
10 15 24
8 19 27
8 18 26
4 24 28
20 23 34
16 17 35
19 22 33
18 21 32
23 29 35
15 28 34
14 33 37
13 32 36
2 27 31
3 26 30
1 24 29
1 25 28
3 31 37
2 30 36
268
38
1 2 3
0 34 35
0 33 37
0 32 36
5 6 31
4 26 29
4 25 30
8 9 28
7 17 19
7 16 18
14 15 20
12 15 27
11 13 20
12 14 21
10 13 27
10 11 18
9 19 22
8 18 22
9 15 17
8 16 21
10 12 23
13 19 24
16 17 24
20 26 28
21 22 25
6 24 29
5 23 30
11 14 32
7 23 34
5 25 35
6 26 33
4 32 33
3 27 31
2 30 31
1 28 37
1 29 36
3 35 37
2 34 36
269
38
1 2 3
0 34 35
0 36 37
0 32 33
7 21 22
6 21 23
5 20 22
4 20 23
15 16 27
14 16 26
13 19 24
12 19 25
11 18 24
10 18 25
9 17 27
8 17 26
8 9 28
14 15 31
12 13 30
10 11 29
6 7 28
4 5 31
4 6 29
5 7 30
10 12 34
11 13 35
9 15 37
8 14 36
16 20 32
19 22 33
18 23 33
17 21 32
3 28 31
3 29 30
1 24 37
1 25 36
2 27 35
2 26 34
270
38
1 2 3
0 35 37
0 34 36
0 32 33
7 8 25
26 27 30
23 24 30
4 21 29
4 22 28
10 11 27
9 12 26
9 13 15
10 14 16
11 16 18
12 15 18
11 14 17
12 13 17
15 16 20
13 14 19
18 20 24
17 19 23
7 23 28
8 24 29
6 20 21
6 19 22
4 31 32
5 10 37
5 9 36
8 21 33
7 22 33
5 6 32
25 34 35
3 25 30
3 28 29
2 31 37
1 31 36
2 27 35
1 26 34
271
38
1 2 3
0 33 37
0 34 35
0 32 36
7 8 29
17 23 24
18 19 23
4 16 21
4 15 20
11 17 19
12 17 18
9 13 18
10 14 19
11 16 22
12 15 22
8 14 21
7 13 20
5 9 10
6 10 11
6 9 12
8 16 25
7 15 25
13 14 26
5 6 27
5 26 28
20 21 37
22 24 33
23 31 35
24 30 34
4 33 36
28 32 35
27 32 34
3 30 31
1 26 29
2 28 31
2 27 30
3 29 37
1 25 36
272
38
1 2 3
0 32 33
0 35 37
0 34 36
8 9 30
9 21 25
8 20 25
10 11 24
4 6 21
4 5 20
7 17 18
7 16 19
15 21 23
14 20 23
13 15 18
12 14 19
11 18 22
10 19 22
10 14 16
11 15 17
6 9 13
5 8 12
16 17 29
12 13 27
7 27 28
5 6 26
25 30 33
23 24 33
24 29 37
22 28 36
4 26 32
32 34 35
1 30 31
1 26 27
3 31 37
2 31 36
3 29 35
2 28 34
273
38
1 2 3
0 33 36
0 32 37
0 34 35
5 12 13
4 30 31
7 14 17
6 15 16
11 20 21
10 18 19
9 11 23
8 10 22
4 14 24
4 15 25
6 12 26
7 13 27
7 22 25
6 23 24
9 21 28
9 20 29
8 19 28
8 18 29
11 16 27
10 17 26
12 17 35
13 16 34
14 23 35
15 22 34
18 20 32
19 21 33
5 33 37
5 32 36
2 28 31
1 29 30
3 25 27
3 24 26
1 31 37
2 30 36
274
38
1 2 3
0 35 37
0 34 36
0 32 33
5 25 31
4 26 27
7 8 25
6 22 23
6 21 24
11 17 19
12 18 20
9 12 30
10 11 29
17 22 28
18 21 28
16 20 24
15 19 23
9 13 23
10 14 24
9 16 22
10 15 21
8 14 20
7 13 19
7 16 17
8 15 18
4 6 36
5 30 33
5 29 32
13 14 37
12 27 33
11 26 32
4 34 35
3 27 30
3 26 29
2 31 37
1 31 36
2 25 35
1 28 34
275
38
1 2 3
0 34 35
0 33 37
0 32 36
8 10 12
9 11 13
7 13 19
6 12 20
4 9 22
5 8 21
4 14 20
5 15 19
4 7 18
5 6 17
10 16 18
11 16 17
14 15 30
13 15 27
12 14 26
6 11 27
7 10 26
9 25 29
8 24 28
24 25 31
22 23 29
21 23 28
18 20 33
17 19 33
22 25 32
21 24 32
16 31 35
23 30 34
3 28 29
2 26 27
1 31 37
1 30 36
3 35 37
2 34 36
276
38
1 2 3
0 32 37
0 33 36
0 34 35
5 23 31
4 24 25
7 8 26
6 19 21
6 20 22
10 11 30
9 12 29
9 13 15
10 14 16
11 16 18
12 15 18
11 14 17
12 13 17
15 16 19
13 14 20
7 17 27
8 18 28
7 22 28
8 21 27
4 26 37
5 30 35
5 29 34
6 23 32
19 22 33
20 21 33
10 25 35
9 24 34
4 32 36
1 26 31
2 27 28
3 25 30
3 24 29
2 31 37
1 23 36
277
38
1 2 3
0 34 35
0 33 36
0 32 37
23 30 31
7 10 15
8 9 11
5 11 12
6 10 12
6 13 16
5 8 14
6 7 14
7 8 13
9 12 22
10 11 21
5 19 20
9 17 18
16 20 24
16 19 25
15 18 24
15 17 25
14 22 29
13 21 28
4 26 27
17 19 32
18 20 33
23 29 35
23 28 34
22 27 35
21 26 34
4 33 37
4 32 36
3 24 31
2 25 30
1 27 29
1 26 28
2 31 37
3 30 36
278
38
1 2 3
0 32 33
0 35 37
0 34 36
16 18 30
15 17 30
7 8 10
6 9 11
6 12 19
7 12 20
6 13 20
7 13 19
8 9 18
10 11 17
15 16 29
5 14 18
4 14 17
5 13 16
4 12 15
8 11 25
9 10 24
22 23 28
21 25 27
21 24 26
20 23 27
19 22 26
23 25 33
22 24 33
21 29 32
14 28 37
4 5 36
32 34 35
1 28 31
1 26 27
3 31 37
2 31 36
3 30 35
2 29 34
279
38
1 2 3
0 36 37
0 33 34
0 32 35
7 8 9
6 8 10
5 9 15
4 10 15
4 5 12
4 6 13
5 7 14
12 13 14
8 11 19
9 11 18
10 11 17
6 7 16
15 20 21
14 24 25
13 22 23
12 26 27
16 27 31
16 26 30
18 25 28
18 24 29
17 23 28
17 22 29
19 21 31
19 20 30
22 24 32
23 25 33
21 27 35
20 26 34
3 28 37
2 29 36
2 31 37
3 30 36
1 33 35
1 32 34
280
38
1 2 3
0 36 37
0 33 34
0 32 35
7 8 11
6 9 11
5 8 10
4 9 10
4 6 12
5 7 13
6 7 15
4 5 14
8 13 17
9 12 16
11 20 22
10 21 23
13 25 27
12 24 26
19 20 21
18 22 23
14 18 28
15 18 29
14 19 29
15 19 28
17 27 31
16 26 31
17 25 30
16 24 30
20 23 33
21 22 32
26 27 35
24 25 34
3 29 37
2 28 36
2 31 37
3 30 36
1 33 35
1 32 34
281
38
1 2 3
0 32 37
0 34 36
0 33 35
5 8 10
4 9 11
8 9 15
10 11 14
4 6 12
5 6 13
4 7 13
5 7 12
8 11 23
9 10 22
7 15 25
6 14 24
18 19 31
20 21 30
16 25 27
16 24 26
17 23 29
17 22 28
13 21 29
12 20 28
15 19 27
14 18 26
19 25 34
18 24 34
21 23 33
20 22 33
17 32 36
16 32 35
1 30 31
3 28 29
2 26 27
3 31 37
2 30 37
1 35 36
282
38
1 2 3
0 34 35
0 32 37
0 33 36
5 6 31
4 26 30
4 25 29
10 11 27
9 12 27
8 11 28
7 12 28
7 9 13
8 10 14
11 14 16
12 13 15
14 21 22
13 19 20
18 20 21
17 19 22
16 18 23
16 17 24
15 17 23
15 18 24
19 21 25
20 22 26
6 23 30
5 24 29
7 8 35
9 10 32
6 26 33
5 25 33
4 32 34
2 28 31
3 29 30
1 31 37
1 27 36
3 35 37
2 34 36
283
38
1 2 3
0 34 35
0 33 37
0 32 36
7 19 28
6 18 28
5 19 20
4 18 20
9 12 14
8 13 15
12 13 25
14 15 24
8 10 16
9 10 17
8 11 17
9 11 16
12 15 19
13 14 18
5 7 17
4 6 16
6 7 29
26 31 36
25 27 35
24 27 34
11 23 35
10 22 34
21 30 37
22 23 37
4 5 36
20 30 33
26 29 32
21 32 33
3 30 31
2 29 31
1 23 25
1 22 24
3 21 28
2 26 27
284
38
1 2 3
0 35 37
0 34 36
0 32 33
7 8 25
8 29 30
7 28 30
4 6 29
4 5 24
21 23 24
20 22 24
12 13 15
11 14 16
11 17 26
12 17 27
11 18 27
12 18 26
13 14 23
15 16 22
20 21 28
10 19 23
9 19 22
10 18 21
9 17 20
8 9 10
4 31 32
13 16 37
14 15 36
6 19 33
5 7 33
5 6 32
25 34 35
3 25 30
3 28 29
2 31 37
1 31 36
2 27 35
1 26 34
285
38
1 2 3
0 32 37
0 34 36
0 33 35
5 9 10
4 8 11
12 17 30
8 9 12
5 7 14
4 7 15
4 13 14
5 13 15
6 7 23
10 11 22
8 10 24
9 11 25
20 21 31
6 18 19
17 25 29
17 24 28
16 22 27
16 23 26
13 20 26
12 21 27
14 19 29
15 18 28
21 22 34
20 23 34
19 25 33
18 24 33
6 32 36
16 32 35
1 30 31
3 28 29
2 26 27
3 31 37
2 30 37
1 35 36
286
38
1 2 3
0 32 33
0 35 37
0 34 36
5 6 31
4 24 30
4 28 29
21 23 24
20 22 24
17 19 25
14 15 18
13 16 18
13 14 17
11 12 15
10 12 16
10 13 26
11 14 27
9 12 23
10 11 22
9 20 21
8 19 23
7 19 22
8 18 21
7 17 20
5 7 8
9 29 33
15 27 37
16 26 36
6 30 33
6 25 32
5 28 32
4 34 35
1 29 30
1 25 28
3 31 37
2 31 36
3 27 35
2 26 34
287
38
1 2 3
0 32 33
0 35 37
0 34 36
5 6 29
4 8 10
4 7 9
6 10 28
5 9 28
6 8 12
5 7 11
10 19 29
9 15 18
14 16 19
13 17 18
12 16 17
13 15 21
14 15 20
12 14 21
11 13 20
17 19 25
16 18 24
25 27 30
24 26 30
21 23 27
20 22 26
23 25 33
22 24 33
7 8 37
4 11 36
22 23 32
32 34 35
1 30 31
1 26 27
3 31 37
2 31 36
3 29 35
2 28 34
288
38
1 2 3
0 35 37
0 34 36
0 32 33
24 26 27
23 25 27
7 21 31
6 17 18
14 15 22
13 16 22
12 13 15
12 14 16
10 11 21
9 10 14
8 11 13
8 10 19
9 11 20
7 20 29
7 19 28
15 18 29
16 17 28
6 12 26
8 9 25
5 26 30
4 25 30
5 22 24
4 21 23
4 5 36
18 20 32
17 19 32
23 24 33
6 34 35
3 28 29
3 30 37
2 31 37
1 31 36
2 27 35
1 33 34
289
38
1 2 3
0 34 35
0 33 36
0 32 37
5 6 23
4 30 31
4 15 16
9 13 14
12 14 17
7 12 22
11 12 13
10 18 19
8 9 10
7 10 17
7 8 15
6 14 22
6 20 21
8 13 29
11 21 24
11 20 25
16 19 24
16 18 25
9 15 28
4 26 27
18 20 32
19 21 33
23 29 35
23 28 34
22 27 35
17 26 34
5 33 37
5 32 36
3 24 31
2 25 30
1 27 29
1 26 28
2 31 37
3 30 36
290
38
1 2 3
0 33 37
0 34 35
0 32 36
5 9 16
4 6 7
5 8 13
5 11 12
6 11 15
4 10 14
9 17 19
7 8 20
7 13 23
6 12 20
9 15 18
8 14 19
4 21 22
10 18 23
14 17 29
10 15 29
11 13 31
16 25 28
16 24 27
12 17 30
22 26 28
21 26 27
24 25 32
22 25 33
21 24 35
18 19 32
23 31 33
20 30 34
3 26 29
1 27 30
2 31 37
2 28 36
3 35 37
1 34 36
291
38
1 2 3
0 32 33
0 35 37
0 34 36
5 6 31
4 24 29
4 28 30
8 9 24
7 21 23
7 20 22
11 12 27
10 15 16
10 14 17
19 25 26
12 16 18
11 17 18
11 14 25
12 15 26
14 15 21
13 22 23
9 23 27
8 18 22
9 19 21
8 19 20
5 7 28
13 16 37
13 17 36
10 20 32
6 24 33
5 30 33
6 29 32
4 34 35
1 27 30
1 28 29
3 31 37
2 31 36
3 26 35
2 25 34
292
38
1 2 3
0 33 36
0 32 37
0 34 35
23 30 31
10 15 16
8 12 13
8 11 14
6 7 9
8 10 17
5 9 22
7 13 18
6 14 18
6 11 19
7 12 20
5 17 21
5 19 20
9 15 24
11 12 25
13 16 29
14 16 28
15 22 25
10 21 24
4 26 27
17 22 33
18 21 32
23 29 35
23 28 34
20 27 35
19 26 34
4 33 37
4 32 36
2 25 31
1 24 30
3 27 29
3 26 28
1 31 37
2 30 36
293
38
1 2 3
0 35 37
0 34 36
0 32 33
24 26 27
23 25 27
7 8 31
6 20 29
6 18 19
18 20 21
13 16 22
17 21 22
16 17 28
10 14 28
13 15 17
14 16 19
10 12 15
11 12 14
8 9 29
8 15 20
7 9 19
9 11 26
10 11 25
5 26 30
4 25 30
5 22 24
4 21 23
4 5 36
12 13 32
7 18 32
23 24 33
6 34 35
3 28 29
3 30 37
2 31 37
1 31 36
2 27 35
1 33 34
294
38
1 2 3
0 34 35
0 33 36
0 32 37
12 30 31
6 13 14
5 15 16
10 19 20
9 17 18
8 11 23
7 11 22
9 10 21
4 13 24
5 12 27
5 22 24
6 23 26
6 21 25
8 20 28
8 19 29
7 18 28
7 17 29
11 16 26
10 14 27
9 15 25
12 14 34
16 23 35
15 21 35
13 22 34
17 19 32
18 20 33
4 33 37
4 32 36
3 28 31
2 29 30
1 24 27
1 25 26
2 31 37
3 30 36
295
38
1 2 3
0 35 37
0 34 36
0 32 33
24 26 27
23 25 27
7 21 31
6 10 17
16 20 22
12 18 22
7 11 18
10 12 13
9 11 17
11 15 16
15 19 21
13 14 20
8 13 19
7 12 29
9 10 29
14 16 28
8 15 28
6 14 26
8 9 25
5 26 30
4 25 30
5 22 24
4 21 23
4 5 36
19 20 32
17 18 32
23 24 33
6 34 35
3 28 29
3 30 37
2 31 37
1 31 36
2 27 35
1 33 34
296
38
1 2 3
0 32 33
0 34 35
0 36 37
5 6 15
4 10 11
4 9 12
14 18 19
9 10 13
6 8 11
5 8 12
5 9 20
6 10 21
8 14 31
7 13 30
4 24 25
17 22 23
16 26 27
7 21 28
7 20 29
11 19 37
12 18 36
16 31 33
16 24 32
15 23 33
15 26 34
17 25 35
17 30 34
18 29 37
19 28 36
14 27 35
13 22 32
1 23 31
1 22 24
2 25 27
2 26 30
3 21 29
3 20 28
297
38
1 2 3
0 33 36
0 32 37
0 34 35
6 8 15
7 9 14
4 7 13
5 6 12
4 11 20
5 10 20
9 12 17
8 13 16
7 10 18
6 11 19
5 17 18
4 16 19
11 15 31
10 14 31
12 14 29
13 15 28
8 9 30
23 25 27
23 24 26
21 22 30
22 27 29
21 26 28
22 25 33
21 24 33
19 25 35
18 24 32
20 23 34
16 17 32
2 29 31
1 26 27
3 30 37
3 28 36
1 35 37
2 34 36
298
38
1 2 3
0 34 35
0 33 37
0 32 36
9 22 23
6 23 25
5 21 22
12 13 20
11 13 24
4 13 21
11 12 25
8 10 20
7 10 24
7 8 9
17 19 27
16 18 27
15 19 26
14 18 26
15 17 29
14 16 28
7 11 31
6 9 30
4 6 31
4 5 30
8 12 29
5 10 28
16 17 34
14 15 32
19 25 35
18 24 33
21 23 33
20 22 32
3 27 31
2 29 30
1 26 37
1 28 36
3 35 37
2 34 36
