19
1
10
1 2 3
0 2 3
0 1 4
0 1 4
2 3 5
4 6 7
5 8 9
5 8 9
6 7 9
6 7 8
2
10
1 2 3
0 2 3
0 1 4
0 1 5
2 5 6
3 4 7
4 8 9
5 8 9
6 7 9
6 7 8
3
10
1 2 3
0 2 3
0 1 4
0 1 5
2 6 7
3 6 8
4 5 9
4 8 9
5 7 9
6 7 8
4
10
1 2 3
0 2 3
0 1 4
0 1 5
2 6 7
3 8 9
4 7 8
4 6 9
5 6 9
5 7 8
5
10
1 2 3
0 2 3
0 1 4
0 1 5
2 6 7
3 8 9
4 8 9
4 8 9
5 6 7
5 6 7
6
10
1 2 3
0 2 4
0 1 5
0 4 6
1 3 7
2 6 8
3 5 9
4 8 9
5 7 9
6 7 8
7
10
1 2 3
0 2 4
0 1 5
0 4 6
1 3 7
2 8 9
3 7 8
4 6 9
5 6 9
5 7 8
8
10
1 2 3
0 2 4
0 1 5
0 4 6
1 3 7
2 8 9
3 8 9
4 8 9
5 6 7
5 6 7
9
10
1 2 3
0 2 4
0 1 5
0 6 7
1 6 7
2 8 9
3 4 8
3 4 9
5 6 9
5 7 8
10
10
1 2 3
0 2 4
0 1 5
0 6 7
1 6 8
2 6 9
3 4 5
3 8 9
4 7 9
5 7 8
11
10
1 2 3
0 2 4
0 1 5
0 6 7
1 6 8
2 7 8
3 4 9
3 5 9
4 5 9
6 7 8
12
10
1 2 3
0 2 4
0 1 5
0 6 7
1 6 8
2 7 9
3 4 8
3 5 9
4 6 9
5 7 8
13
10
1 2 3
0 2 4
0 1 5
0 6 7
1 6 8
2 7 9
3 4 9
3 5 8
4 7 9
5 6 8
14
10
1 2 3
0 4 5
0 4 5
0 6 7
1 2 8
1 2 9
3 8 9
3 8 9
4 6 7
5 6 7
15
10
1 2 3
0 4 5
0 4 6
0 5 7
1 2 8
1 3 9
2 7 8
3 6 9
4 6 9
5 7 8
16
10
1 2 3
0 4 5
0 4 6
0 5 7
1 2 8
1 3 9
2 7 9
3 6 8
4 7 9
5 6 8
17
10
1 2 3
0 4 5
0 4 6
0 5 7
1 2 8
1 3 9
2 8 9
3 8 9
4 6 7
5 6 7
18
10
1 2 3
0 4 5
0 4 6
0 7 8
1 2 7
1 8 9
2 8 9
3 4 9
3 5 6
5 6 7
19
10
1 2 3
0 4 5
0 6 7
0 8 9
1 6 8
1 7 9
2 4 9
2 5 8
3 4 7
3 5 6
